1.000000000000000000e+00
9.698302830655687323e-01
9.522231658459615611e-01
9.378336783033556223e-01
9.250883118036642427e-01
9.133934253955043880e-01
9.024505417002326446e-01
8.920845844592650842e-01
8.821823725012564177e-01
8.726656470946730915e-01
8.634775553878302201e-01
8.545752251325864357e-01
8.459253903732317781e-01
8.375016594400035430e-01
8.292827198749903594e-01
8.212511064511348602e-01
8.133923244353529203e-01
8.056942071922442716e-01
7.981464345962308027e-01
7.907401655442067856e-01
7.834677536637557616e-01
7.763225250073094719e-01
7.692986027144652628e-01
7.623907677320603815e-01
7.555943475009123667e-01
7.489051265110501232e-01
7.423192740705895076e-01
7.358332856997503724e-01
7.294439353613385579e-01
7.231482363467417462e-01
7.169434091024883271e-01
7.108268546427165546e-01
7.047961324731599753e-01
6.988489421714626504e-01
6.929831079408286243e-01
6.871965655897926961e-01
6.814873514984659542e-01
6.758535932168604488e-01
6.702935014089690391e-01
6.648053629105165063e-01
6.593875347117595931e-01
6.540384387116767728e-01
6.487565571179413348e-01
6.435404283897737665e-01
6.383886436390672214e-01
6.332998434201478899e-01
6.282727148504835268e-01
6.233059890146498416e-01
6.183984386117623577e-01
6.135488758133335052e-01
6.087561503037167698e-01
6.040191474799468940e-01
5.993367867912977598e-01
5.947080202019769946e-01
5.901318307628881099e-01
5.856072312804433411e-01
5.811332630721797177e-01
5.767089948003381039e-01
5.723335213758549145e-01
5.680059629261398069e-01
5.637254638209239221e-01
5.594911917512176425e-01
5.553023368569601770e-01
5.511581108994962896e-01
5.470577464754992070e-01
5.430004962692639436e-01
5.389856323406934102e-01
5.350124454465217116e-01
5.310802443926069261e-01
5.271883554153066198e-01
5.233361215901796148e-01
5.195229022663140350e-01
5.157480725248700937e-01
5.120110226604196457e-01
5.083111576838303947e-01
5.046478968455917480e-01
5.010206731784203615e-01
4.974289330582193913e-01
4.938721357824608083e-01
4.903497531650837793e-01
4.868612691471695952e-01
4.834061794225754660e-01
4.799839910778763152e-01
4.765942222459167432e-01
4.732364017723550975e-01
4.699100688946340476e-01
4.666147729327754790e-01
4.633500729915416283e-01
4.601155376734060165e-01
4.569107448019036344e-01
4.537352811548873710e-01
4.505887422073166504e-01
4.474707318831123160e-01
4.443808623157515236e-01
4.413187536172267778e-01
4.382840336549977955e-01
4.352763378366758529e-01
4.322953089020333817e-01
4.293405967221470831e-01
4.264118581052906420e-01
4.235087566093975187e-01
4.206309623607797366e-01
4.177781518788669657e-01
4.149500079067427460e-01
4.121462192472513109e-01
4.093664806044455262e-01
4.066104924302053614e-01
4.038779607757967405e-01
4.011685971481576685e-01
3.984821183708522896e-01
3.958182464493883446e-01
3.931767084407459256e-01
3.905572363271010428e-01
3.879595668933901176e-01
3.853834416087384973e-01
3.828286065115175107e-01
3.802948120979343094e-01
3.777818132140205454e-01
3.752893689509107511e-01
3.728172425432675907e-01
3.703652012707430718e-01
3.679330163624284222e-01
3.655204629040840758e-01
3.631273197481347248e-01
3.607533694263100887e-01
3.583983980648421941e-01
3.560621953021007036e-01
3.537445542086202765e-01
3.514452712094424669e-01
3.491641460086489235e-01
3.469009815160500332e-01
3.446555837759661123e-01
3.424277618979602589e-01
3.402173279895763791e-01
3.380240970908814924e-01
3.358478871108749320e-01
3.336885187656090102e-01
3.315458155180285305e-01
3.294196035194093541e-01
3.273097115524559730e-01
3.252159709758535300e-01
3.231382156703582753e-01
3.210762819862907902e-01
3.190300086924577894e-01
3.169992369263927023e-01
3.149838101459078721e-01
3.129835740819312262e-01
3.109983766925349946e-01
3.090280681181804545e-01
3.070725006381028188e-01
3.051315286278129535e-01
3.032050085176679066e-01
3.012927987525210738e-01
2.993947597523428095e-01
2.975107538738890889e-01
2.956406453732551842e-01
2.937843003694171062e-01
2.919415868086321364e-01
2.901123744297472440e-01
2.882965347303252934e-01
2.864939409336052512e-01
2.847044679562792391e-01
2.829279923770104954e-01
2.811643924057340982e-01
2.794135478536722283e-01
2.776753401040661928e-01
2.759496520836036138e-01
2.742363682345065334e-01
2.725353744872837103e-01
2.708465582340960909e-01
2.691698083027521116e-01
2.675050149313079051e-01
2.658520697432314450e-01
2.642108657231616586e-01
2.625812971931625883e-01
2.609632597895685802e-01
2.593566504403445050e-01
2.577613673429067775e-01
2.561773099424755062e-01
2.546043789109072586e-01
2.530424761259809086e-01
2.514915046511312369e-01
2.499513687156374731e-01
2.484219736952581470e-01
2.469032260932252365e-01
2.453950335217335577e-01
2.438973046837305814e-01
2.424099493551939710e-01
2.409328783676840946e-01
2.394660035913580565e-01
2.380092379182643381e-01
2.365624952460349262e-01
2.351256904619043187e-01
2.336987394270518548e-01
2.322815589612592657e-01
2.308740668279175290e-01
2.294761817193170794e-01
2.280878232421985341e-01
2.267089119037001554e-01
2.253393690974587193e-01
2.239791170901028750e-01
2.226280790079411820e-01
2.212861788239475491e-01
2.199533413450025510e-01
2.186294921993687523e-01
2.173145578244303766e-01
2.160084654546746141e-01
2.147111431098954193e-01
2.134225195835924849e-01
2.121425244316946790e-01
2.108710879613599209e-01
2.096081412201373784e-01
2.083536159851903935e-01
2.071074447528491180e-01
2.058695607282652051e-01
2.046398978153350645e-01
2.034183906067375258e-01
2.022049743742370398e-01
2.009995850590848010e-01
1.998021592626673393e-01
1.986126342372772358e-01
1.974309478770865378e-01
1.962570387092534008e-01
1.950908458852134153e-01
1.939323091721191772e-01
1.927813689444441148e-01
1.916379661757001973e-01
1.905020424303703330e-01
1.893735398559003580e-01
1.882524011748998305e-01
1.871385696774613139e-01
1.860319892135841313e-01
1.849326041857735914e-01
1.838403595417507919e-01
1.827552007672673950e-01
1.816770738790919604e-01
1.806059254180505114e-01
1.795417024422766294e-01
1.784843525204682924e-01
1.774338237253555439e-01
1.763900646272066330e-01
1.753530242875072087e-01
1.743226522526723776e-01
1.732988985479346211e-01
1.722817136712854746e-01
1.712710485875327537e-01
1.702668547224727991e-01
1.692690839571116546e-01
1.682776886220437029e-01
1.672926214918630250e-01
1.663138357796875022e-01
1.653412851318178667e-01
1.643749236223712162e-01
1.634147057481310505e-01
1.624605864233806818e-01
1.615125209748587143e-01
1.605704651367976799e-01
1.596343750460365585e-01
1.587042072371889767e-01
1.577799186379342522e-01
1.568614665643157657e-01
1.559488087161752523e-01
1.550419031726275043e-01
1.541407083875926398e-01
1.532451831854336199e-01
1.523552867566357327e-01
1.514709786535220759e-01
1.505922187861237493e-01
1.497189674180050001e-01
1.488511851622388860e-01
1.479888329773757227e-01
1.471318721635292981e-01
1.462802643584837636e-01
1.454339715338515138e-01
1.445929559913363416e-01
1.437571803590011466e-01
1.429266075876124698e-01
1.421012009470363768e-01
1.412809240226858554e-01
1.404657407120171453e-01
1.396556152210874091e-01
1.388505120611488453e-01
1.380503960452822143e-01
1.372552322851143258e-01
1.364649861875573689e-01
1.356796234515812993e-01
1.348991100650747954e-01
1.341234123016884217e-01
1.333524967177891762e-01
1.325863301494067392e-01
1.318248797092639313e-01
1.310681127837869386e-01
1.303159970302338877e-01
1.295685003738032137e-01
1.288255910048172470e-01
1.280872373759092964e-01
1.273534081993051015e-01
1.266240724440612364e-01
1.258991993334246662e-01
1.251787583421705152e-01
1.244627191939943339e-01
1.237510518589510916e-01
1.230437265508933509e-01
1.223407137249994531e-01
1.216419840752737680e-01
1.209475085321180532e-01
1.202572582599274326e-01
1.195712046547138530e-01
1.188893193417506211e-01
1.182115741732919084e-01
1.175379412262332057e-01
1.168683927999189520e-01
1.162029014138782068e-01
1.155414398056395370e-01
1.148839809285683577e-01
1.142304979497086453e-01
1.135809642476934139e-01
1.129353534106462137e-01
1.122936392341220141e-01
1.116557957190729006e-01
1.110217970698398893e-01
1.103916176921737186e-01
1.097652321912763879e-01
1.091426153698537849e-01
1.085237422262210066e-01
1.079085879524260688e-01
1.072971279323499394e-01
1.066893377398974857e-01
1.060851931371808859e-01
1.054846700726990855e-01
1.048877446795830615e-01
1.042943932738469304e-01
1.037045923526534463e-01
1.031183185925805962e-01
1.025355488479790106e-01
1.019562601492551013e-01
1.013804297012556310e-01
1.008080348816223493e-01
1.002390532391819744e-01
9.967346249236630484e-02
9.911124052762695924e-02
9.855236539788395089e-02
9.799681532099864534e-02
9.744456867824340118e-02
9.689560401281802071e-02
9.634990002834857570e-02
9.580743558743694266e-02
9.526818971020145632e-02
9.473214157285757275e-02
9.419927050628768006e-02
9.366955599465588700e-02
9.314297767401744088e-02
9.261951533095419409e-02
9.209914890122011810e-02
9.158185846840660727e-02
9.106762426262339505e-02
9.055642665919003131e-02
9.004824617733614422e-02
8.954306347894298856e-02
8.904085936726596762e-02
8.854161478568159382e-02
8.804531081647101742e-02
8.755192867958225267e-02
8.706144973141523302e-02
8.657385546366490325e-02
8.608912750208433384e-02
8.560724760537398448e-02
8.512819766397657084e-02
8.465195969895465689e-02
8.417851586088001548e-02
8.370784842866688114e-02
8.323993980852045782e-02
8.277477253278818503e-02
8.231232925891239505e-02
8.185259276837084097e-02
8.139554596555961807e-02
8.094117187680759107e-02
8.048945364929613322e-02
8.004037455007301238e-02
7.959391796497512772e-02
7.915006739769311905e-02
7.870880646872178976e-02
7.827011891442384184e-02
7.783398858599820114e-02
7.740039944857911303e-02
7.696933558024073030e-02
7.654078117106481727e-02
7.611472052221146534e-02
7.569113804498424358e-02
7.527001825993437367e-02
7.485134579593653859e-02
7.443510538929530573e-02
7.402128188287510069e-02
7.360986022519652727e-02
7.320082546958678327e-02
7.279416277331436647e-02
7.238985739673822750e-02
7.198789470246436117e-02
7.158826015450087121e-02
7.119093931745083814e-02
7.079591785568563334e-02
7.040318153253077860e-02
7.001271620947670249e-02
6.962450784535939574e-02
6.923854249561307850e-02
6.885480631146626007e-02
6.847328553916770533e-02
6.809396651924265464e-02
6.771683568572718637e-02
6.734187956541441700e-02
6.696908477713321706e-02
6.659843803099192716e-02
6.622992612766703813e-02
6.586353595768824898e-02
6.549925450069805921e-02
6.513706882478796645e-02
6.477696608576889725e-02
6.441893352649173676e-02
6.406295847616202965e-02
6.370902834965044836e-02
6.335713064683839990e-02
6.300725295194516129e-02
6.265938293285933103e-02
6.231350834050482235e-02
6.196961700816343982e-02
6.162769685087721161e-02
6.128773586477285346e-02
6.094972212645636406e-02
6.061364379238246697e-02
6.027948909823703516e-02
5.994724635833620363e-02
5.961690396499499250e-02
5.928845038796130146e-02
5.896187417379794571e-02
5.863716394529980974e-02
5.831430840090868345e-02
5.799329631414025521e-02
5.767411653301088986e-02
5.735675797946451770e-02
5.704120964881480987e-02
5.672746060919141298e-02
5.641550000096881567e-02
5.610531703624530020e-02
5.579690099828989169e-02
5.549024124099535132e-02
5.518532718836241524e-02
5.488214833396522219e-02
5.458069424042252815e-02
5.428095453888921729e-02
5.398291892852807167e-02
5.368657717603901591e-02
5.339191911508482657e-02
5.309893464587652628e-02
5.280761373460084868e-02
5.251794641299219885e-02
5.222992277778967796e-02
5.194353299030769061e-02
5.165876727591361267e-02
5.137561592358261958e-02
5.109406928542216397e-02
5.081411777618393549e-02
5.053575187284638920e-02
5.025896211410823405e-02
4.998373909997935044e-02
4.971007349129354796e-02
4.943795600928652806e-02
4.916737743514745101e-02
4.889832860958658739e-02
4.863080043238342254e-02
4.836478386197325813e-02
4.810026991502670823e-02
4.783724966599724182e-02
4.757571424673326388e-02
4.731565484604357413e-02
4.705706270928517593e-02
4.679992913798055459e-02
4.654424548936875877e-02
4.629000317603156056e-02
4.603719366549743203e-02
4.578580847983811791e-02
4.553583919527390972e-02
4.528727744178536602e-02
4.504011490274377472e-02
4.479434331451045970e-02
4.454995446606071358e-02
4.430694019862197602e-02
4.406529240528036379e-02
4.382500303063652236e-02
4.358606407041469566e-02
4.334846757112406634e-02
4.311220562966593117e-02
4.287727039301143794e-02
4.264365405783174939e-02
4.241134887013589538e-02
4.218034712493781702e-02
4.195064116591749187e-02
4.172222338505070238e-02
4.149508622229390598e-02
4.126922216523924714e-02
4.104462374878018599e-02
4.082128355477140230e-02
4.059919421172231146e-02
4.037834839443811552e-02
4.015873882373583587e-02
3.994035826608552386e-02
3.972319953331046594e-02
3.950725548227768114e-02
3.929251901457427726e-02
3.907898307619180056e-02
3.886664065722703065e-02
3.865548479158279621e-02
3.844550855664398414e-02
3.823670507300128835e-02
3.802906750413107689e-02
3.782258905610754590e-02
3.761726297731559504e-02
3.741308255816012951e-02
3.721004113075374736e-02
3.700813206865735672e-02
3.680734878658592502e-02
3.660768474012002921e-02
3.640913342543789649e-02
3.621168837902469934e-02
3.601534317740599789e-02
3.582009143687098218e-02
3.562592681320696925e-02
3.543284300141447823e-02
3.524083373545522369e-02
3.504989278799151842e-02
3.486001397009788616e-02
3.467119113102542366e-02
3.448341815792910908e-02
3.429668897563196289e-02
3.411099754633192815e-02
3.392633786938674401e-02
3.374270398103169227e-02
3.356008995416583790e-02
3.337848989807064293e-02
3.319789795819073908e-02
3.301830831585744058e-02
3.283971518810627210e-02
3.266211282735900778e-02
3.248549552126098888e-02
3.230985759239015515e-02
3.213519339805599728e-02
3.196149733004834820e-02
3.178876381442297117e-02
3.161698731124799877e-02
3.144616231441253046e-02
3.127628335136499460e-02
3.110734498291604228e-02
3.093934180299209857e-02
3.077226843845024679e-02
3.060611954882468122e-02
3.044088982612769279e-02
3.027657399463248508e-02
3.011316681064716769e-02
2.995066306232107081e-02
2.978905756943174901e-02
2.962834518315968571e-02
2.946852078589479174e-02
2.930957929102845361e-02
2.915151564274262586e-02
2.899432481582503440e-02
2.883800181544084879e-02
2.868254167695374543e-02
2.852793946571953454e-02
2.837419027689436213e-02
2.822128923523617439e-02
2.806923149489576677e-02
2.791801223926248035e-02
2.776762668073061088e-02
2.761807006053842994e-02
2.746933764856965277e-02
2.732142474315206460e-02
2.717432667091429846e-02
2.702803878655128667e-02
2.688255647267652135e-02
2.673787513961706913e-02
2.659399022525067019e-02
2.645089719483067689e-02
2.630859154078196011e-02
2.616706878254783375e-02
2.602632446641535771e-02
2.588635416532524339e-02
2.574715347871822657e-02
2.560871803233895350e-02
2.547104347809892727e-02
2.533412549387965493e-02
2.519795978338331202e-02
2.506254207595267486e-02
2.492786812641549846e-02
2.479393371490887579e-02
2.466073464674767984e-02
2.452826675221427694e-02
2.439652588643597200e-02
2.426550792921798594e-02
2.413520878486911936e-02
2.400562438207312632e-02
2.387675067369216322e-02
2.374858363666328825e-02
2.362111927180429727e-02
2.349435360366619596e-02
2.336828268040824080e-02
2.324290257361395079e-02
2.311820937816330343e-02
2.299419921208370812e-02
2.287086821638273718e-02
2.274821255493281527e-02
2.262622841429643566e-02
2.250491200360017416e-02
2.238425955439096379e-02
2.226426732047222593e-02
2.214493157780443242e-02
2.202624862432478112e-02
2.190821477982213619e-02
2.179082638580981043e-02
2.167407980536558906e-02
2.155797142302668182e-02
2.144249764461465119e-02
2.132765489714335411e-02
2.121343962865179442e-02
2.109984830808422918e-02
2.098687742516656268e-02
2.087452349026380424e-02
2.076278303424990146e-02
2.065165260839693998e-02
2.054112878421985450e-02
2.043120815336141663e-02
2.032188732747936336e-02
2.021316293810448972e-02
2.010503163652272579e-02
1.999749009364459179e-02
1.989053499988318111e-02
1.978416306505726557e-02
1.967837101822628165e-02
1.957315560760471487e-02
1.946851360043425072e-02
1.936444178285313955e-02
1.926093695979063519e-02
1.915799595484950213e-02
1.905561561018365158e-02
1.895379278638762571e-02
1.885252436238282064e-02
1.875180723529975418e-02
1.865163832036102060e-02
1.855201455078173134e-02
1.845293287764583276e-02
1.835439026980345903e-02
1.825638371375780736e-02
1.815891021355093768e-02
1.806196679066483443e-02
1.796555048391218490e-02
1.786965834930842253e-02
1.777428746000769139e-02
1.767943490615285149e-02
1.758509779479626792e-02
1.749127324979599107e-02
1.739795841168891716e-02
1.730515043762245048e-02
1.721284650122263324e-02
1.712104379251179129e-02
1.702973951780270209e-02
1.693893089958029702e-02
1.684861517642988193e-02
1.675878960293177358e-02
1.666945144954955910e-02
1.658059800254434515e-02
1.649222656387640262e-02
1.640433445110026089e-02
1.631691899728431733e-02
1.622997755090659078e-02
1.614350747576047407e-02
1.605750615085834929e-02
1.597197097035029170e-02
1.588689934342161006e-02
1.580228869420470875e-02
1.571813646168081224e-02
1.563444009960500078e-02
1.555119707640188406e-02
1.546840487508041768e-02
1.538606099313995397e-02
1.530416294250417329e-02
1.522270824940301186e-02
1.514169445430547239e-02
1.506111911182486142e-02
1.498097979064318824e-02
1.490127407340510746e-02
1.482199955666051172e-02
1.474315385074976073e-02
1.466473457975511589e-02
1.458673938138788269e-02
1.450916590691472656e-02
1.443201182108539565e-02
1.435527480203783492e-02
1.427895254122219827e-02
1.420304274333273643e-02
1.412754312620456872e-02
1.405245142074721017e-02
1.397776537086628350e-02
1.390348273338974476e-02
1.382960127797353347e-02
1.375611878703744684e-02
1.368303305569483659e-02
1.361034189165299425e-02
1.353804311516525367e-02
1.346613455892478953e-02
1.339461406801914327e-02
1.332347949984517138e-02
1.325272872401640073e-02
1.318235962232649182e-02
1.311237008864550753e-02
1.304275802885832523e-02
1.297352136079834087e-02
1.290465801416381883e-02
1.283616593045258485e-02
1.276804306289973726e-02
1.270028737639332730e-02
1.263289684740545767e-02
1.256586946394077677e-02
1.249920322545457728e-02
1.243289614276891532e-02
1.236694623804202725e-02
1.230135154466789095e-02
1.223611010721809000e-02
1.217121998138618461e-02
1.210667923391372386e-02
1.204248594251520858e-02
1.197863819583029968e-02
1.191513409334608864e-02
1.185197174533749072e-02
1.178914927280341404e-02
1.172666480739582850e-02
1.166451649137145372e-02
1.160270247751663160e-02
1.154122092908213548e-02
1.148007001973317710e-02
1.141924793347880510e-02
1.135875286462315406e-02
1.129858301767464913e-02
1.123873660731927911e-02
1.117921185834462768e-02
1.112000700558351922e-02
1.106112029384766215e-02
1.100254997786756679e-02
1.094429432226297870e-02
1.088635160143844489e-02
1.082872009956285797e-02
1.077139811049052619e-02
1.071438393771349112e-02
1.065767589430025031e-02
1.060127230284788578e-02
1.054517149541725658e-02
1.048937181346593778e-02
1.043387160782942129e-02
1.037866923862752928e-02
1.032376307522388931e-02
1.026915149617631251e-02
1.021483288918494797e-02
1.016080565103160208e-02
1.010706818751261858e-02
1.005361891342044546e-02
1.000045625245110821e-02
9.947578637196389725e-03
9.894984509046911292e-03
9.842672318162675252e-03
9.790640523431634601e-03
9.738887592396340206e-03
9.687412001213624099e-03
9.636212234611644251e-03
9.585286785827857800e-03
9.534634156556366993e-03
9.484252856915363628e-03
9.434141405394010083e-03
9.384298328772168463e-03
9.334722162116637981e-03
9.285411448713060123e-03
9.236364740017153838e-03
9.187580595600972067e-03
9.139057583116933989e-03
9.090794278249382868e-03
9.042789264665266127e-03
8.995041133950587228e-03
8.947548485609061256e-03
8.900309926962321483e-03
8.853324073141216263e-03
8.806589547034747445e-03
8.760104979221906146e-03
8.713869007957529556e-03
8.667880279109776293e-03
8.622137446119766332e-03
8.576639169963391068e-03
8.531384119089761853e-03
8.486370969397978581e-03
8.441598404194630700e-03
8.397065114124835014e-03
8.352769797163766760e-03
8.308711158540980565e-03
8.264887910732127141e-03
8.221298773377504546e-03
8.177942473291531511e-03
8.134817744368956147e-03
8.091923327572211541e-03
8.049257970891439060e-03
8.006820429295499753e-03
7.964609464692639501e-03
7.922623845890534866e-03
7.880862348555664129e-03
7.839323755191474064e-03
7.798006855056245981e-03
7.756910444171815321e-03
7.716033325252271043e-03
7.675374307688925986e-03
7.634932207483621953e-03
7.594705847239915583e-03
7.554694056102479252e-03
7.514895669727765168e-03
7.475309530257183942e-03
7.435934486260291527e-03
7.396769392706949511e-03
7.357813110940203578e-03
7.319064508619930152e-03
7.280522459697629997e-03
7.242185844381878596e-03
7.204053549104462613e-03
7.166124466470268073e-03
7.128397495235977085e-03
7.090871540270125839e-03
7.053545512516436015e-03
7.016418328960205390e-03
6.979488912601376251e-03
6.942756192395378723e-03
6.906219103256841345e-03
6.869876585987451725e-03
6.833727587269598780e-03
6.797771059616221877e-03
6.762005961349710527e-03
6.726431256556308913e-03
6.691045915060459329e-03
6.655848912399941857e-03
6.620839229764557098e-03
6.586015854006559665e-03
6.551377777562780377e-03
6.516923998465280927e-03
6.482653520271482693e-03
6.448565352058247858e-03
6.414658508387457297e-03
6.380932009253270643e-03
6.347384880084921792e-03
6.314016151688975169e-03
6.280824860220949116e-03
6.247810047183823164e-03
6.214970759342518768e-03
6.182306048751986215e-03
6.149814972695554285e-03
6.117496593659621507e-03
6.085349979297552218e-03
6.053374202422257162e-03
6.021568340956363549e-03
5.989931477902027401e-03
5.958462701332533154e-03
5.927161104340768032e-03
5.896025785024402305e-03
5.865055846452375300e-03
5.834250396643693611e-03
5.803608548515659139e-03
5.773129419891733470e-03
5.742812133447659090e-03
5.712655816691384301e-03
5.682659601934579932e-03
5.652822626270819113e-03
5.623144031547004651e-03
5.593622964321560455e-03
5.564258575859092060e-03
5.535050022091707496e-03
5.505996463596911708e-03
5.477097065572648221e-03
5.448350997797137690e-03
5.419757434616308961e-03
5.391315554934045587e-03
5.363024542141042218e-03
5.334883584135165918e-03
5.306891873264486977e-03
5.279048606324562333e-03
5.251352984515005040e-03
5.223804213432655524e-03
5.196401503021305830e-03
5.169144067582675216e-03
5.142031125711261745e-03
5.115061900305228546e-03
5.088235618527644881e-03
5.061551511763906497e-03
5.035008815639559036e-03
5.008606769960298292e-03
4.982344618702767500e-03
4.956221609987138295e-03
4.930236996063322268e-03
4.904390033276240929e-03
4.878679982040296653e-03
4.853106106832851853e-03
4.827667676158886589e-03
4.802363962526313458e-03
4.777194242427572173e-03
4.752157796324867935e-03
4.727253908618626356e-03
4.702481867614845962e-03
4.677840965537109416e-03
4.653330498466588978e-03
4.628949766335668792e-03
4.604698072919257389e-03
4.580574725784542292e-03
4.556579036309069304e-03
4.532710319616341764e-03
4.508967894579338567e-03
4.485351083806123768e-03
4.461859213591019314e-03
4.438491613925885960e-03
4.415247618449300200e-03
4.392126564461563097e-03
4.369127792857203929e-03
4.346250648144736085e-03
4.323494478425310428e-03
4.300858635340147965e-03
4.278342474079710467e-03
4.255945353350170865e-03
4.233666635365475155e-03
4.211505685810855090e-03
4.189461873842346799e-03
4.167534572053561287e-03
4.145723156458723177e-03
4.124027006474449177e-03
4.102445504912790968e-03
4.080978037937461195e-03
4.059623995067546641e-03
4.038382769147674453e-03
4.017253756334056292e-03
3.996236356069030396e-03
3.975329971072148576e-03
3.954534007313132739e-03
3.933847874000589648e-03
3.913270983557283304e-03
3.892802751617481256e-03
3.872442596978325526e-03
3.852189941617089209e-03
3.832044210654677024e-03
3.812004832334003716e-03
3.792071238016064914e-03
3.772242862157492837e-03
3.752519142282106403e-03
3.732899518987125870e-03
3.713383435899664676e-03
3.693970339690998833e-03
3.674659680011751160e-03
3.655450909537654152e-03
3.636343483895708873e-03
3.617336861686855625e-03
3.598430504442859130e-03
3.579623876626947341e-03
3.560916445615933384e-03
3.542307681675805394e-03
3.523797057951795226e-03
3.505384050440279401e-03
3.487068138006302852e-03
3.468848802325632651e-03
3.450725527891566804e-03
3.432697801999297881e-03
3.414765114725257667e-03
3.396926958913170855e-03
3.379182830155421507e-03
3.361532226787175819e-03
3.343974649869897904e-03
3.326509603148440544e-03
3.309136593086327294e-03
3.291855128807134011e-03
3.274664722098505603e-03
3.257564887401841365e-03
3.240555141783393617e-03
3.223635004933590731e-03
3.206803999130988271e-03
3.190061649260359563e-03
3.173407482771071434e-03
3.156841029681627022e-03
3.140361822538793087e-03
3.123969396439987920e-03
3.107663288986342327e-03
3.091443040294847462e-03
3.075308192963592275e-03
3.059258292066983909e-03
3.043292885141357304e-03
3.027411522185530744e-03
3.011613755604548338e-03
2.995899140253450565e-03
2.980267233387110838e-03
2.964717594649374840e-03
2.949249786068678606e-03
2.933863372042884443e-03
2.918557919330142837e-03
2.903332997015675970e-03
2.888188176533823450e-03
2.873123031624440042e-03
2.858137138333795551e-03
2.843230074991333432e-03
2.828401422226676717e-03
2.813650762907018814e-03
2.798977682176682566e-03
2.784381767401899240e-03
2.769862608193424548e-03
2.755419796367572852e-03
2.741052925956990668e-03
2.726761593165098491e-03
2.712545396396722971e-03
2.698403936215084883e-03
2.684336815336134385e-03
2.670343638624538603e-03
2.656424013079746165e-03
2.642577547812328606e-03
2.628803854052619727e-03
2.615102545115082205e-03
2.601473236413212771e-03
2.587915545427195690e-03
2.574429091701444655e-03
2.561013496832190411e-03
2.547668384454192334e-03
2.534393380226050534e-03
2.521188111837934474e-03
2.508052208975974310e-03
2.494985303316208432e-03
2.481987028539719801e-03
2.469057020280520948e-03
2.456194916141533815e-03
2.443400355685393117e-03
2.430672980409223898e-03
2.418012433732951230e-03
2.405418361014113014e-03
2.392890409505865363e-03
2.380428228369754935e-03
2.368031468645637964e-03
2.355699783260732910e-03
2.343432827003792164e-03
2.331230256520305105e-03
2.319091730307989551e-03
2.307016908707423385e-03
2.295005453868620773e-03
2.283057029775638347e-03
2.271171302215061350e-03
2.259347938755719085e-03
2.247586608784637053e-03
2.235886983435919802e-03
2.224248735629919243e-03
2.212671540032642992e-03
2.201155073078080691e-03
2.189699012919693773e-03
2.178303039444860929e-03
2.166966834264383041e-03
2.155690080705889491e-03
2.144472463781652970e-03
2.133313670207794607e-03
2.122213388382665402e-03
2.111171308369678978e-03
2.100187121909980695e-03
2.089260522389190834e-03
2.078391204840593018e-03
2.067578865938564815e-03
2.056823203980704881e-03
2.046123918886842436e-03
2.035480712188662313e-03
2.024893287011818657e-03
2.014361348085620760e-03
2.003884601721201558e-03
1.993462755789515706e-03
1.983095519754452408e-03
1.972782604614685756e-03
1.962523722934704160e-03
1.952318588808421053e-03
1.942166917871211490e-03
1.932068427282501374e-03
1.922022835716575380e-03
1.912029863345967402e-03
1.902089231858927060e-03
1.892200664425823737e-03
1.882363885699983369e-03
1.872578621818831194e-03
1.862844600372791848e-03
1.853161550424067090e-03
1.843529202473762584e-03
1.833947288481985313e-03
1.824415541839503841e-03
1.814933697355313813e-03
1.805501491259944337e-03
1.796118661207319342e-03
1.786784946244870899e-03
1.777500086825599878e-03
1.768263824786936618e-03
1.759075903346280509e-03
1.749936067094164105e-03
1.740844061994050156e-03
1.731799635361911532e-03
1.722802535871477674e-03
1.713852513542565327e-03
1.704949319720167099e-03
1.696092707087273888e-03
1.687282429651904567e-03
1.678518242733425094e-03
1.669799902956781200e-03
1.661127168258028043e-03
1.652499797856796021e-03
1.643917552261940336e-03
1.635380193271433009e-03
1.626887483942352592e-03
1.618439188608817745e-03
1.610035072857327705e-03
1.601674903530875315e-03
1.593358448716578448e-03
1.585085477740604421e-03
1.576855761159528038e-03
1.568669070761800248e-03
1.560525179543331481e-03
1.552423861726565579e-03
1.544364892724899756e-03
1.536348049159993231e-03
1.528373108846163824e-03
1.520439850781585972e-03
1.512548055137986252e-03
1.504697503270331811e-03
1.496887977696489437e-03
1.489119262092851014e-03
1.481391141295382600e-03
1.473703401281722947e-03
1.466055829172801129e-03
1.458448213230073998e-03
1.450880342840458375e-03
1.443352008511066811e-03
1.435863001867600372e-03
1.428413115658415909e-03
1.421002143720777452e-03
1.413629880995875224e-03
1.406296123523931773e-03
1.399000668425146466e-03
1.391743313913695575e-03
1.384523859257525075e-03
1.377342104811787220e-03
1.370197851995456472e-03
1.363090903274871528e-03
1.356021062176265878e-03
1.348988133274173565e-03
1.341991922173588420e-03
1.335032235530443775e-03
1.328108881017043760e-03
1.321221667339674216e-03
1.314370404217708819e-03
1.307554902382805683e-03
1.300774973579376390e-03
1.294030430548260288e-03
1.287321087037725459e-03
1.280646757768981762e-03
1.274007258472560807e-03
1.267402405837536042e-03
1.260832017542374162e-03
1.254295912234850699e-03
1.247793909524569020e-03
1.241325829978466751e-03
1.234891495120079381e-03
1.228490727426703342e-03
1.222123350315358192e-03
1.215789188143827013e-03
1.209488066201798917e-03
1.203219810714136395e-03
1.196984248818546174e-03
1.190781208580851940e-03
1.184610518986336115e-03
1.178472009915611587e-03
1.172365512160064224e-03
1.166290857410232605e-03
1.160247878255190896e-03
1.154236408166658782e-03
1.148256281504091364e-03
1.142307333513803338e-03
1.136389400300812915e-03
1.130502318863605467e-03
1.124645927047884493e-03
1.118820063565244619e-03
1.113024567992178682e-03
1.107259280751559782e-03
1.101524043106839055e-03
1.095818697176715369e-03
1.090143085908708764e-03
1.084497053089336334e-03
1.078880443338574779e-03
1.073293102090996367e-03
1.067734875603083182e-03
1.062205610957553956e-03
1.056705156040815483e-03
1.051233359551189111e-03
1.045790070974606835e-03
1.040375140621584323e-03
1.034988419578393654e-03
1.029629759720424812e-03
1.024299013726998921e-03
1.018996035033976465e-03
1.013720677874206492e-03
1.008472797244618253e-03
1.003252248916487298e-03
9.980588894218710237e-04
