1.000000000000000000e+00
9.844688856911636421e-01
9.751888943578953528e-01
9.679666238651589705e-01
9.617258999782021256e-01
9.560807127938942829e-01
9.508484726500545658e-01
9.459257061966269697e-01
9.412467962484833972e-01
9.367669306916883709e-01
9.324538538437181501e-01
9.282834131733291860e-01
9.242369567268224895e-01
9.202997179168697084e-01
9.164597643920006087e-01
9.127072871010685207e-01
9.090341037917387679e-01
9.054333027425416347e-01
9.018989811140896151e-01
8.984260488817330526e-01
8.950100792994347687e-01
8.916471930643006250e-01
8.883339673377861345e-01
8.850673634006714918e-01
8.818446684816249048e-01
8.786634485089270807e-01
8.755215093805540638e-01
8.724168649488925897e-01
8.693477103501602299e-01
8.663123996261666848e-01
8.633094268215169009e-01
8.603374099161068544e-01
8.573950770868318250e-01
8.544812548952916975e-01
8.515948580777981114e-01
8.487348806761378928e-01
8.459003882963697096e-01
8.430905113216955460e-01
8.403044389363257816e-01
8.375414138420518295e-01
8.348007275693020146e-01
8.320817163006294370e-01
8.293837571379328866e-01
8.267062647554593857e-01
8.240486883896540604e-01
8.214105091242588363e-01
8.187912374351818956e-01
8.161904109647899475e-01
8.136075924994929931e-01
8.110423681281060393e-01
8.084943455614493901e-01
8.059631525962185350e-01
8.034484357082988248e-01
8.009498587625457633e-01
7.984671018275986132e-01
7.959998600856911244e-01
7.935478428285165364e-01
7.911107725312397365e-01
7.886883839976435162e-01
7.862804235700716626e-01
7.838866483985660327e-01
7.815068257641257787e-01
7.791407324515458033e-01
7.767881541677014168e-01
7.744488850016086889e-01
7.721227269228466694e-01
7.698094893153251128e-01
7.675089885435903980e-01
7.652210475491666442e-01
7.629454954745975570e-01
7.606821673130970130e-01
7.584309035818596056e-01
7.561915500172979865e-01
7.539639572905287856e-01
7.517479807416717064e-01
7.495434801315643547e-01
7.473503194096300373e-01
7.451683664967523324e-01
7.429974930820835155e-01
7.408375744327861945e-01
7.386884892158145366e-01
7.365501193308834349e-01
7.344223497538603374e-01
7.323050683898286728e-01
7.301981659352063669e-01
7.281015357482493178e-01
7.260150737274174704e-01
7.239386781970312823e-01
7.218722497997538401e-01
7.198156913954457670e-01
7.177689079659390625e-01
7.157318065253727157e-01
7.137042960357125043e-01
7.116862873270906054e-01
7.096776930227011171e-01
7.076784274679133180e-01
7.056884066633410946e-01
7.037075482016260652e-01
7.017357712077014753e-01
6.997729962822770711e-01
6.978191454483984035e-01
6.958741421008382000e-01
6.939379109581742533e-01
6.920103780173699759e-01
6.900914705107126235e-01
6.881811168649588639e-01
6.862792466625459165e-01
6.843857906047661199e-01
6.825006804767556057e-01
6.806238491142175828e-01
6.787552303717463431e-01
6.768947590926802649e-01
6.750423710803922228e-01
6.731980030709157070e-01
6.713615927068424805e-01
6.695330785124192774e-01
6.677123998697597207e-01
6.658994969961417043e-01
6.640943109222646745e-01
6.622967834715010049e-01
6.605068572399925841e-01
6.587244755776168192e-01
6.569495825697511115e-01
6.551821230197607537e-01
6.534220424322316756e-01
6.516692869968435664e-01
6.499238035729018037e-01
6.481855396744610198e-01
6.464544434560270947e-01
6.447304636987843951e-01
6.430135497973457070e-01
6.413036517469847819e-01
6.396007201313396173e-01
6.379047061105376226e-01
6.362155614097371181e-01
6.345332383080831695e-01
6.328576896280145858e-01
6.311888687249361807e-01
6.295267294772424194e-01
6.278712262766459329e-01
6.262223140188286630e-01
6.245799480943733384e-01
6.229440843799841643e-01
6.213146792299750754e-01
6.196916894680039034e-01
6.180750723790593426e-01
6.164647857016701815e-01
6.148607876203528999e-01
6.132630367582488917e-01
6.116714921699838436e-01
6.100861133347156295e-01
6.085068601493693885e-01
6.069336929220379151e-01
6.053665723655807795e-01
6.038054595913647793e-01
6.022503161031634855e-01
6.007011037912248774e-01
5.991577849264693167e-01
5.976203221548248568e-01
5.960886784917156511e-01
5.945628173166559449e-01
5.930427023679911702e-01
5.915282977377396278e-01
5.900195678665616228e-01
5.885164775388445069e-01
5.870189918778734306e-01
5.855270763411306589e-01
5.840406967156823725e-01
5.825598191136726056e-01
5.810844099678803554e-01
5.796144360274173568e-01
5.781498643534690451e-01
5.766906623151416555e-01
5.752367975853907023e-01
5.737882381370214002e-01
5.723449522387670241e-01
5.709069084514505343e-01
5.694740756242159252e-01
5.680464228908217450e-01
5.666239196660027844e-01
5.652065356419214703e-01
5.637942407846531223e-01
5.623870053307477024e-01
5.609847997838487421e-01
5.595875949113948700e-01
5.581953617413247803e-01
5.568080715589003304e-01
5.554256959035490659e-01
5.540482065657565958e-01
5.526755755840391249e-01
5.513077752419328625e-01
5.499447780650563722e-01
5.485865568182161089e-01
5.472330845025489277e-01
5.458843343527304270e-01
5.445402798341983930e-01
5.432008946404527361e-01
5.418661526903701953e-01
5.405360281255937593e-01
5.392104953079069896e-01
5.378895288167279132e-01
5.365731034465545113e-01
5.352611942045247817e-01
5.339537763079686972e-01
5.326508251820004647e-01
5.313523164571650748e-01
5.300582259671173802e-01
5.287685297463085021e-01
5.274832040277399603e-01
5.262022252407334566e-01
5.249255700087338550e-01
5.236532151471448016e-01
5.223851376612030917e-01
5.211213147438636950e-01
5.198617237737445107e-01
5.186063423130672367e-01
5.173551481056584134e-01
5.161081190749491343e-01
5.148652333220267163e-01
5.136264691237040214e-01
5.123918049306024347e-01
5.111612193652904645e-01
5.099346912204203441e-01
5.087121994569041572e-01
5.074937232021117239e-01
5.062792417480931340e-01
5.050687345498201530e-01
5.038621812234619357e-01
5.026595615446669552e-01
5.014608554468962254e-01
5.002660430197404251e-01
4.990751045072981396e-01
4.978880203065395582e-01
4.967047709657204102e-01
4.955253371828024500e-01
4.943496998038977575e-01
4.931778398217255832e-01
4.920097383741096619e-01
4.908453767424686420e-01
4.896847363503513684e-01
4.885277987619604523e-01
4.873745456807337950e-01
4.862249589479064049e-01
4.850790205411171785e-01
4.839367125730152375e-01
4.827980172899008493e-01
4.816629170703680685e-01
4.805313944239718027e-01
4.794034319899154739e-01
4.782790125357339051e-01
4.771581189560348824e-01
4.760407342712107970e-01
4.749268416261920867e-01
4.738164242892093370e-01
4.727094656505677062e-01
4.716059492214484394e-01
4.705058586327052761e-01
4.694091776336995481e-01
4.683158900911214562e-01
4.672259799878479281e-01
4.661394314218209045e-01
4.650562286048974814e-01
4.639763558617637784e-01
4.628997976288325433e-01
4.618265384531636264e-01
4.607565629913936145e-01
4.596898560086769003e-01
4.586264023776451815e-01
4.575661870773820583e-01
4.565091951924019065e-01
4.554554119116277500e-01
4.544048225274212038e-01
4.533574124345864931e-01
4.523131671293912914e-01
4.512720722086274727e-01
4.502341133686441066e-01
4.491992764044163700e-01
4.481675472086201206e-01
4.471389117707149086e-01
4.461133561760335375e-01
4.450908666049002149e-01
4.440714293317278294e-01
4.430550307241598040e-01
4.420416572421960177e-01
4.410312954373475924e-01
4.400239319517776915e-01
4.390195535174826746e-01
4.380181469554557672e-01
4.370196991748789284e-01
4.360241971723033405e-01
4.350316280308727523e-01
4.340419789195137379e-01
4.330552370921644800e-01
4.320713898870160996e-01
4.310904247257305588e-01
4.301123291126905945e-01
4.291370906342666935e-01
4.281646969580712447e-01
4.271951358322388925e-01
4.262283950846834091e-01
4.252644626224156288e-01
4.243033264308141983e-01
4.233449745729461755e-01
4.223893951888618714e-01
4.214365764949337123e-01
4.204865067831535796e-01
4.195391744205007045e-01
4.185945678482517196e-01
4.176526755813524394e-01
4.167134862077520596e-01
4.157769883877824868e-01
4.148431708535139095e-01
4.139120224081387356e-01
4.129835319253614134e-01
4.120576883487654940e-01
4.111344806912304861e-01
4.102138980343227881e-01
4.092959295277139864e-01
4.083805643885839998e-01
4.074677919010470939e-01
4.065576014156001561e-01
4.056499823485038569e-01
4.047449241812824949e-01
4.038424164601445709e-01
4.029424487954121337e-01
4.020450108610154616e-01
4.011500923939387842e-01
4.002576831936838775e-01
3.993677731217564197e-01
3.984803521011363592e-01
3.975954101157684328e-01
3.967129372100557938e-01
3.958329234883451453e-01
3.949553591144346898e-01
3.940802343110901829e-01
3.932075393595402257e-01
3.923372645989991470e-01
3.914694004261952132e-01
3.906039372948781341e-01
3.897408657153850764e-01
3.888801762541451712e-01
3.880218595332257103e-01
3.871659062298937193e-01
3.863123070761512734e-01
3.854610528582972928e-01
3.846121344164859512e-01
3.837655426442957984e-01
3.829212684882821738e-01
3.820793029475686997e-01
3.812396370734187356e-01
3.804022619688081641e-01
3.795671687880231571e-01
3.787343487362445638e-01
3.779037930691336866e-01
3.770754930924569148e-01
3.762494401616574002e-01
3.754256256814732517e-01
3.746040411055571173e-01
3.737846779360653460e-01
3.729675277233131525e-01
3.721525820653496797e-01
3.713398326076253197e-01
3.705292710426077996e-01
3.697208891093906602e-01
3.689146785933706263e-01
3.681106313258487583e-01
3.673087391836983850e-01
3.665089940890099429e-01
3.657113880087360380e-01
3.649159129543335656e-01
3.641225609814418562e-01
3.633313241895343992e-01
3.625421947215872742e-01
3.617551647637218815e-01
3.609702265449256653e-01
3.601873723366621483e-01
3.594065944525991485e-01
3.586278852482565060e-01
3.578512371207223097e-01
3.570766425082979034e-01
3.563040938902112820e-01
3.555335837863095039e-01
3.547651047567450533e-01
3.539986494016741370e-01
3.532342103609634743e-01
3.524717803138888716e-01
3.517113519788437892e-01
3.509529181130427999e-01
3.501964715122358185e-01
3.494420050104350972e-01
3.486895114796149109e-01
3.479389838294292825e-01
3.471904150069484718e-01
3.464437979963905234e-01
3.456991258188150118e-01
3.449563915318951679e-01
3.442155882296084601e-01
3.434767090420163815e-01
3.427397471349588054e-01
3.420046957098216711e-01
3.412715480032745829e-01
3.405402972870109068e-01
3.398109368674860908e-01
3.390834600856962866e-01
3.383578603168915233e-01
3.376341309703642102e-01
3.369122654891847923e-01
3.361922573499639411e-01
3.354741000626101921e-01
3.347577871701136742e-01
3.340433122482786565e-01
3.333306689055173244e-01
3.326198507826007011e-01
3.319108515524468173e-01
3.312036649198795146e-01
3.304982846214118974e-01
3.297947044250114645e-01
3.290929181299066530e-01
3.283929195663402023e-01
3.276947025953650949e-01
3.269982611086283408e-01
3.263035890281495988e-01
3.256106803061436517e-01
3.249195289247503449e-01
3.242301288958958083e-01
3.235424742610312210e-01
3.228565590909621696e-01
3.221723774856447564e-01
3.214899235739590022e-01
3.208091915135476979e-01
3.201301754905883090e-01
3.194528697196296618e-01
3.187772684433546888e-01
3.181033659324396523e-01
3.174311564853262713e-01
3.167606344280510244e-01
3.160917941140542475e-01
3.154246299240020535e-01
3.147591362655861036e-01
3.140953075733636801e-01
3.134331383085618428e-01
3.127726229589006257e-01
3.121137560384216192e-01
3.114565320873218801e-01
3.108009456717510943e-01
3.101469913836623071e-01
3.094946638406380623e-01
3.088439576857137658e-01
3.081948675872130949e-01
3.075473882385884039e-01
3.069015143582440319e-01
3.062572406893681598e-01
3.056145619997914786e-01
3.049734730818103312e-01
3.043339687520306147e-01
3.036960438512046334e-01
3.030596932440781099e-01
3.024249118192440244e-01
3.017916944889697528e-01
3.011600361890511834e-01
3.005299318786776586e-01
2.999013765402400722e-01
2.992743651792252879e-01
2.986488928240536023e-01
2.980249545259162636e-01
2.974025453586403023e-01
2.967816604185588014e-01
2.961622948243476383e-01
2.955444437168769367e-01
2.949281022591021539e-01
2.943132656359013222e-01
2.936999290539251128e-01
2.930880877414857033e-01
2.924777369484113931e-01
2.918688719458995551e-01
2.912614880263990624e-01
2.906555805034576334e-01
2.900511447116177477e-01
2.894481760062568299e-01
2.888466697634697322e-01
2.882466213799494970e-01
2.876480262728438042e-01
2.870508798796317929e-01
2.864551776579989384e-01
2.858609150857259196e-01
2.852680876605305782e-01
2.846766908999945889e-01
2.840867203413889874e-01
2.834981715415967884e-01
2.829110400769618283e-01
2.823253215431861252e-01
2.817410115552178018e-01
2.811581057471066458e-01
2.805765997719184557e-01
2.799964893016022027e-01
2.794177700268862252e-01
2.788404376571507748e-01
2.782644879203253763e-01
2.776899165627745303e-01
2.771167193491891889e-01
2.765448920624852258e-01
2.759744305036606060e-01
2.754053304917289946e-01
2.748375878635925251e-01
2.742711984739333864e-01
2.737061581951092948e-01
2.731424629170466356e-01
2.725801085471563634e-01
2.720190910101931148e-01
2.714594062481929804e-01
2.709010502203378357e-01
2.703440189028801788e-01
2.697883082890278894e-01
2.692339143888408670e-01
2.686808332291548695e-01
2.681290608534594444e-01
2.675785933218076118e-01
2.670294267107368169e-01
2.664815571131379235e-01
2.659349806381904879e-01
2.653896934112641715e-01
2.648456915738080508e-01
2.643029712832755118e-01
2.637615287130301023e-01
2.632213600522378405e-01
2.626824615057941625e-01
2.621448292942346048e-01
2.616084596536215612e-01
2.610733488354869403e-01
2.605394931067218645e-01
2.600068887495042835e-01
2.594755320611965010e-01
2.589454193542680693e-01
2.584165469562097472e-01
2.578889112094582270e-01
2.573625084712830025e-01
2.568373351137309690e-01
2.563133875235394932e-01
2.557906621020322735e-01
2.552691552650671047e-01
2.547488634429385113e-01
2.542297830802907610e-01
2.537119106360515852e-01
2.531952425833518538e-01
2.526797754094362580e-01
2.521655056155948649e-01
2.516524297170679159e-01
2.511405442430053592e-01
2.506298457363477228e-01
2.501203307537723797e-01
2.496119958656190241e-01
2.491048376558108457e-01
2.485988527217764255e-01
2.480940376743734355e-01
2.475903891378240240e-01
2.470879037496528097e-01
2.465865781605706131e-01
2.460864090344598853e-01
2.455873930482626866e-01
2.450895268919195402e-01
2.445928072683044852e-01
2.440972308931618762e-01
2.436027944950086288e-01
2.431094948151042434e-01
2.426173286073589896e-01
2.421262926382550806e-01
2.416363836868063442e-01
2.411475985444811454e-01
2.406599340151210353e-01
2.401733869149029754e-01
2.396879540722444413e-01
2.392036323277572651e-01
2.387204185341794127e-01
2.382383095563074260e-01
2.377573022709283390e-01
2.372773935667669143e-01
2.367985803444263571e-01
2.363208595162949177e-01
2.358442280065310426e-01
2.353686827509628154e-01
2.348942206970420499e-01
2.344208388037848922e-01
2.339485340417107873e-01
2.334773033927735331e-01
2.330071438503192038e-01
2.325380524190056586e-01
2.320700261147615462e-01
2.316030619647211353e-01
2.311371570071648618e-01
2.306723082914650669e-01
2.302085128780184953e-01
2.297457678382145430e-01
2.292840702543496312e-01
2.288234172195925120e-01
2.283638058379061642e-01
2.279052332240256440e-01
2.274476965033724596e-01
2.269911928120092459e-01
2.265357192965978539e-01
2.260812731143293786e-01
2.256278514328791673e-01
2.251754514303466737e-01
2.247240702952190694e-01
2.242737052262920583e-01
2.238243534326507245e-01
2.233760121335848781e-01
2.229286785585630204e-01
2.224823499471635657e-01
2.220370235490435884e-01
2.215926966238620510e-01
2.211493664412590154e-01
2.207070302807846995e-01
2.202656854318564006e-01
2.198253291937118936e-01
2.193859588753590828e-01
2.189475717955211842e-01
2.185101652826074436e-01
2.180737366746464678e-01
2.176382833192405664e-01
2.172038025735252564e-01
2.167702918041271576e-01
2.163377483871057327e-01
2.159061697079050213e-01
2.154755531613255781e-01
2.150458961514635781e-01
2.146171960916643251e-01
2.141894504044889735e-01
2.137626565216632912e-01
2.133368118840302807e-01
2.129119139415043549e-01
2.124879601530391682e-01
2.120649479865789333e-01
2.116428749189986636e-01
2.112217384360916272e-01
2.108015360324909659e-01
2.103822652116705549e-01
2.099639234858498016e-01
2.095465083760059966e-01
2.091300174117901589e-01
2.087144481315051647e-01
2.082997980820659178e-01
2.078860648189506388e-01
2.074732459061588985e-01
2.070613389161811979e-01
2.066503414299507568e-01
2.062402510368007424e-01
2.058310653344458674e-01
2.054227819289062840e-01
2.050153984344953162e-01
2.046089124737837661e-01
2.042033216775303583e-01
2.037986236846916488e-01
2.033948161423312362e-01
2.029918967056133783e-01
2.025898630377674647e-01
2.021887128100301745e-01
2.017884437016265187e-01
2.013890533997234888e-01
2.009905395993867305e-01
2.005929000035728549e-01
2.001961323230420364e-01
1.998002342763814665e-01
1.994052035899243347e-01
1.990110379977312327e-01
1.986177352415574582e-01
1.982252930708109928e-01
1.978337092425170307e-01
1.974429815212847827e-01
1.970531076792795266e-01
1.966640854961849705e-01
1.962759127591509056e-01
1.958885872627854352e-01
1.955021068091158110e-01
1.951164692075348650e-01
1.947316722747920170e-01
1.943477138349430366e-01
1.939645917193202895e-01
1.935823037665193314e-01
1.932008478223306569e-01
1.928202217397451956e-01
1.924404233788870044e-01
1.920614506069971972e-01
1.916833012984188733e-01
1.913059733345329749e-01
1.909294646037459076e-01
1.905537730014605913e-01
1.901788964300320517e-01
1.898048327987515715e-01
1.894315800237947600e-01
1.890591360282195543e-01
1.886874987419091820e-01
1.883166661015581722e-01
1.879466360506384104e-01
1.875774065393613355e-01
1.872089755246632015e-01
1.868413409701570327e-01
1.864745008461264342e-01
1.861084531294653344e-01
1.857431958036843966e-01
1.853787268588577564e-01
1.850150442915986793e-01
1.846521461050295576e-01
1.842900303087646463e-01
1.839286949188686238e-01
1.835681379578487094e-01
1.832083574545872451e-01
1.828493514443575163e-01
1.824911179687686569e-01
1.821336550757552408e-01
1.817769608195335673e-01
1.814210332605849518e-01
1.810658704656298301e-01
1.807114705075963668e-01
1.803578314655901460e-01
1.800049514248739935e-01
1.796528284768492412e-01
1.793014607190061283e-01
1.789508462549223855e-01
1.786009831942203807e-01
1.782518696525534629e-01
1.779035037515648288e-01
1.775558836188888823e-01
1.772090073880890626e-01
1.768628731986593983e-01
1.765174791960028022e-01
1.761728235313804181e-01
1.758289043619065684e-01
1.754857198505330174e-01
1.751432681659791379e-01
1.748015474827791516e-01
1.744605559811901185e-01
1.741202918471993488e-01
1.737807532725009485e-01
1.734419384544782228e-01
1.731038455961404487e-01
1.727664729061637039e-01
1.724298185988061838e-01
1.720938808939223574e-01
1.717586580169223887e-01
1.714241481987587579e-01
1.710903496758928444e-01
1.707572606902964529e-01
1.704248794893815089e-01
1.700932043260333371e-01
1.697622334585439097e-01
1.694319651506221158e-01
1.691023976713466881e-01
1.687735292951563493e-01
1.684453583018296619e-01
1.681178829764606308e-01
1.677911016094192631e-01
1.674650124963658337e-01
1.671396139382023138e-01
1.668149042410574656e-01
1.664908817162675247e-01
1.661675446803495826e-01
1.658448914549963682e-01
1.655229203670305627e-01
1.652016297484038554e-01
1.648810179361703265e-01
1.645610832724608008e-01
1.642418241044792393e-01
1.639232387844464511e-01
1.636053256696209657e-01
1.632880831222617568e-01
1.629715095095917166e-01
1.626556032038133370e-01
1.623403625820530882e-01
1.620257860263640270e-01
1.617118719236989854e-01
1.613986186658895039e-01
1.610860246496396975e-01
1.607740882764684687e-01
1.604628079527466999e-01
1.601521820896399384e-01
1.598422091030838044e-01
1.595328874137949826e-01
1.592242154472328919e-01
1.589161916335838087e-01
1.586088144077505147e-01
1.583020822093016144e-01
1.579959934825145296e-01
1.576905466762880126e-01
1.573857402441764530e-01
1.570815726443433868e-01
1.567780423395470912e-01
1.564751477971436378e-01
1.561728874890337682e-01
1.558712598916758008e-01
1.555702634860461619e-01
1.552698967576384148e-01
1.549701581964429697e-01
1.546710462969136390e-01
1.543725595579610588e-01
1.540746964829545762e-01
1.537774555796693199e-01
1.534808353602959419e-01
1.531848343414048963e-01
1.528894510439424981e-01
1.525946839932227628e-01
1.523005317188839136e-01
1.520069927548802491e-01
1.517140656394977138e-01
1.514217489152798746e-01
1.511300411290643630e-01
1.508389408319373015e-01
1.505484465792233661e-01
1.502585569304777657e-01
1.499692704494480500e-01
1.496805857040875432e-01
1.493925012665249241e-01
1.491050157130416887e-01
1.488181276240628514e-01
1.485318355841445115e-01
1.482461381819606405e-01
1.479610340102713306e-01
1.476765216659265967e-01
1.473925997498387874e-01
1.471092668669718440e-01
1.468265216263252293e-01
1.465443626409181910e-01
1.462627885277761608e-01
1.459817979079159334e-01
1.457013894063283466e-01
1.454215616519622944e-01
1.451423132777194813e-01
1.448636429204189779e-01
1.445855492208140691e-01
1.443080308235428766e-01
1.440310863771434025e-01
1.437547145340166144e-01
1.434789139504333844e-01
1.432036832864912457e-01
1.429290212061336551e-01
1.426549263771165477e-01
1.423813974709929320e-01
1.421084331630992625e-01
1.418360321325544682e-01
1.415641930622348055e-01
1.412929146387668089e-01
1.410221955524894322e-01
1.407520344974866888e-01
1.404824301715252854e-01
1.402133812760769649e-01
1.399448865162868094e-01
1.396769446009621385e-01
1.394095542425655421e-01
1.391427141571904835e-01
1.388764230645593289e-01
1.386106796880020586e-01
1.383454827544526033e-01
1.380808309944264178e-01
1.378167231420071026e-01
1.375531579348438505e-01
1.372901341141244402e-01
1.370276504245768190e-01
1.367657056144449546e-01
1.365042984354874200e-01
1.362434276429436986e-01
1.359830919955581363e-01
1.357232902555130238e-01
1.354640211884798606e-01
1.352052835635660089e-01
1.349470761532995944e-01
1.346893977336432457e-01
1.344322470839559025e-01
1.341756229870088024e-01
1.339195242289366594e-01
1.336639495992660576e-01
1.334088978908760104e-01
1.331543678999810298e-01
1.329003584261520543e-01
1.326468682722807546e-01
1.323938962445467826e-01
1.321414411524705068e-01
1.318895018088283577e-01
1.316380770296874669e-01
1.313871656343865713e-01
1.311367664455052040e-01
1.308868782888730764e-01
1.306374999935556169e-01
1.303886303918269651e-01
1.301402683191887899e-01
1.298924126143156943e-01
1.296450621190888552e-01
1.293982156785545012e-01
1.291518721409268544e-01
1.289060303575728650e-01
1.286606891830042176e-01
1.284158474748517131e-01
1.281715040938836980e-01
1.279276579039702877e-01
1.276843077720705988e-01
1.274414525682464605e-01
1.271990911656318279e-01
1.269572224404207916e-01
1.267158452718734341e-01
1.264749585422881573e-01
1.262345611370043752e-01
1.259946519443767288e-01
1.257552298557790826e-01
1.255162937655879274e-01
1.252778425711728594e-01
1.250398751728946933e-01
1.248023904740686307e-01
1.245653873809911133e-01
1.243288648028956778e-01
1.240928216519683047e-01
1.238572568433277399e-01
1.236221692950052187e-01
1.233875579279502810e-01
1.231534216660145759e-01
1.229197594359485446e-01
1.226865701673684195e-01
1.224538527927824111e-01
1.222216062475431492e-01
1.219898294698756464e-01
1.217585214008321814e-01
1.215276809843039429e-01
1.212973071670143121e-01
1.210673988984972416e-01
1.208379551310817257e-01
1.206089748199020012e-01
1.203804569228843907e-01
1.201524004007285540e-01
1.199248042168889888e-01
1.196976673375959310e-01
1.194709887318210068e-01
1.192447673712685591e-01
1.190190022303953543e-01
1.187936922863570693e-01
1.185688365190386007e-01
1.183444339110173993e-01
1.181204834475707427e-01
1.178969841166541965e-01
1.176739349089090669e-01
1.174513348176491334e-01
1.172291828388289103e-01
1.170074779710696122e-01
1.167862192156260276e-01
1.165654055763793717e-01
1.163450360598504985e-01
1.161251096751639150e-01
1.159056254340510156e-01
1.156865823508510388e-01
1.154679794424808836e-01
1.152498157284395086e-01
1.150320902308036852e-01
1.148148019742073894e-01
1.145979499858544304e-01
1.143815332954748049e-01
1.141655509353573378e-01
1.139500019402997916e-01
1.137348853476435051e-01
1.135202001972308861e-01
1.133059455314090053e-01
1.130921203950348564e-01
1.128787238354415912e-01
1.126657549024477345e-01
1.124532126483411415e-01
1.122410961278952624e-01
1.120294043983033616e-01
1.118181365192458671e-01
1.116072915528193710e-01
1.113968685635600836e-01
1.111868666184423760e-01
1.109772847868345513e-01
1.107681221405339839e-01
1.105593777537323130e-01
1.103510507030165261e-01
1.101431400673608951e-01
1.099356449281161663e-01
1.097285643690060625e-01
1.095218974761220793e-01
1.093156433379008363e-01
1.091098010451354433e-01
1.089043696909597903e-01
1.086993483708439262e-01
1.084947361825712164e-01
1.082905322262580211e-01
1.080867356043215266e-01
1.078833454214913196e-01
1.076803607847886673e-01
1.074777808035230486e-01
1.072756045892842847e-01
1.070738312559463556e-01
1.068724599196399783e-01
1.066714896987577404e-01
1.064709197139480229e-01
1.062707490881093231e-01
1.060709769463704516e-01
1.058716024160967079e-01
1.056726246268718528e-01
1.054740427105058664e-01
1.052758558010212647e-01
1.050780630346300482e-01
1.048806635497556428e-01
1.046836564870014669e-01
1.044870409891543311e-01
1.042908162011891571e-01
1.040949812702361699e-01
1.038995353455982734e-01
1.037044775787212963e-01
1.035098071232103539e-01
1.033155231348157066e-01
1.031216247714110690e-01
1.029281111930081954e-01
1.027349815617390194e-01
1.025422350418511291e-01
1.023498707997002599e-01
1.021578880037399967e-01
1.019662858245439924e-01
1.017750634347282662e-01
1.015842200090420061e-01
1.013937547242798748e-01
1.012036667593187028e-01
1.010139552950938546e-01
1.008246195146011576e-01
1.006356586028864519e-01
1.004470717470392765e-01
1.002588581361884001e-01
1.000710169614960204e-01
9.988354741615243504e-02
9.969644869535559950e-02
9.950971999633136111e-02
9.932336051830427393e-02
9.913736946250087390e-02
9.895174603214865194e-02
9.876648943245532053e-02
9.858159887061970772e-02
9.839707355580720738e-02
9.821291269916021527e-02
9.802911551378336308e-02
9.784568121474888913e-02
9.766260901906956282e-02
9.747989814570766354e-02
9.729754781557362064e-02
9.711555725149692564e-02
9.693392567825713513e-02
9.675265232254198766e-02
9.657173641296036559e-02
9.639117718002759849e-02
9.621097385618043729e-02
9.603112567573950098e-02
9.585163187492375114e-02
9.567249169184911806e-02
9.549370436649801119e-02
9.531526914074675561e-02
9.513718525833340933e-02
9.495945196486191286e-02
9.478206850779906378e-02
9.460503413647124160e-02
9.442834810204296658e-02
9.425200965753161020e-02
9.407601805778556536e-02
9.390037255948575912e-02
9.372507242115189763e-02
9.355011690310913175e-02
9.337550526751096924e-02
9.320123677831561315e-02
9.302731070128265889e-02
9.285372630398641691e-02
9.268048285577265566e-02
9.250757962780173371e-02
9.233501589300036061e-02
9.216279092607018719e-02
9.199090400351170316e-02
9.181935440356504829e-02
9.164814140624991112e-02
9.147726429333327691e-02
9.130672234834473489e-02
9.113651485655253903e-02
9.096664110497049149e-02
9.079710038234733993e-02
9.062789197917001105e-02
9.045901518764153104e-02
9.029046930169004614e-02
9.012225361697027981e-02
8.995436743083773390e-02
8.978681004234946583e-02
8.961958075227714760e-02
8.945267886308323757e-02
8.928610367891623434e-02
8.911985450561631106e-02
8.895393065071539873e-02
8.878833142340177009e-02
8.862305613453790032e-02
8.845810409667086149e-02
8.829347462399789181e-02
8.812916703236871319e-02
8.796518063929262277e-02
8.780151476392322740e-02
8.763816872706553518e-02
8.747514185114138585e-02
8.731243346023115359e-02
8.715004288002203836e-02
8.698796943783940194e-02
8.682621246262257897e-02
8.666477128491549553e-02
8.650364523689432761e-02
8.634283365231855412e-02
8.618233586655689449e-02
8.602215121657598440e-02
8.586227904092390284e-02
8.570271867974349478e-02
8.554346947475618967e-02
8.538453076926863505e-02
8.522590190814494093e-02
8.506758223782917572e-02
8.490957110632708915e-02
8.475186786319333088e-02
8.459447185956049664e-02
8.443738244808655924e-02
8.428059898298939645e-02
8.412412082002325431e-02
8.396794731648229981e-02
8.381207783118818644e-02
8.365651172450028206e-02
8.350124835828789949e-02
8.334628709595046092e-02
8.319162730240378667e-02
8.303726834406563451e-02
8.288320958886701006e-02
8.272945040624193891e-02
8.257599016711558715e-02
8.242282824391221341e-02
8.226996401054093022e-02
8.211739684240848547e-02
8.196512611637833678e-02
8.181315121082288755e-02
8.166147150555568002e-02
8.151008638188790567e-02
8.135899522256710703e-02
8.120819741182047635e-02
8.105769233532386653e-02
8.090747938020489971e-02
8.075755793504417468e-02
8.060792738985947392e-02
8.045858713610792856e-02
8.030953656669560792e-02
8.016077507593984131e-02
8.001230205959916630e-02
7.986411691484947284e-02
7.971621904029523031e-02
7.956860783594678355e-02
7.942128270323134398e-02
7.927424304497633634e-02
7.912748826542614911e-02
7.898101777021183934e-02
7.883483096636401122e-02
7.868892726231725698e-02
7.854330606787475466e-02
7.839796679423777226e-02
7.825290885398124285e-02
7.810813166105588790e-02
7.796363463079775125e-02
7.781941717989405982e-02
7.767547872640864770e-02
7.753181868976069535e-02
7.738843649072681130e-02
7.724533155144880370e-02
7.710250329539855563e-02
7.695995114741974175e-02
7.681767453367036036e-02
7.667567288166415862e-02
7.653394562024774805e-02
7.639249217959682980e-02
7.625131199121876202e-02
7.611040448793983393e-02
7.596976910391012305e-02
7.582940527459001989e-02
7.568931243676350895e-02
7.554949002852147377e-02
7.540993748925400864e-02
7.527065425966086853e-02
7.513163978173273416e-02
7.499289349876495092e-02
7.485441485533621264e-02
7.471620329731523680e-02
7.457825827186785606e-02
7.444057922741835476e-02
7.430316561368129069e-02
7.416601688164636830e-02
7.402913248357034792e-02
7.389251187298094548e-02
7.375615450466896372e-02
7.362005983467198589e-02
7.348422732031434368e-02
7.334865642013332909e-02
7.321334659395617450e-02
7.307829730282612568e-02
7.294350800904814136e-02
7.280897817615479550e-02
7.267470726893059119e-02
7.254069475336935580e-02
7.240694009671781728e-02
7.227344276743959128e-02
7.214020223522110697e-02
7.200721797096211463e-02
7.187448944679020180e-02
7.174201613604683225e-02
7.160979751326410070e-02
7.147783305420084277e-02
7.134612223581975055e-02
7.121466453626980331e-02
7.108345943490175511e-02
7.095250641226370780e-02
7.082180495009067489e-02
7.069135453130881430e-02
7.056115464002653270e-02
7.043120476152769927e-02
7.030150438228140175e-02
7.017205298992829077e-02
7.004285007327973323e-02
6.991389512231642456e-02
6.978518762818292087e-02
6.965672708318514095e-02
6.952851298079146258e-02
6.940054481562205058e-02
6.927282208345442172e-02
6.914534428120476528e-02
6.901811090695061934e-02
6.889112145990378133e-02
6.876437544041372196e-02
6.863787234998108833e-02
6.851161169122373107e-02
6.838559296790296116e-02
6.825981568490852025e-02
6.813427934824455023e-02
6.800898346504287428e-02
6.788392754356241399e-02
6.775911109316280767e-02
6.763453362433449745e-02
6.751019464866982178e-02
6.738609367886483348e-02
6.726223022872937496e-02
6.713860381316483217e-02
6.701521394817509802e-02
6.689206015086610058e-02
6.676914193942955211e-02
6.664645883314709862e-02
6.652401035239612070e-02
6.640179601862847281e-02
6.627981535437849070e-02
6.615806788326275556e-02
6.603655312998062132e-02
6.591527062028477990e-02
6.579421988101706587e-02
6.567340044007133337e-02
6.555281182642687388e-02
6.543245357009658258e-02
6.531232520217883364e-02
6.519242625481308506e-02
6.507275626119404799e-02
6.495331475557034051e-02
6.483410127323568917e-02
6.471511535053074693e-02
6.459635652483913804e-02
6.447782433458111584e-02
6.435951831921866984e-02
6.424143801923933028e-02
6.412358297617487546e-02
6.400595273257597695e-02
6.388854683201845852e-02
6.377136481911746535e-02
6.365440623948566412e-02
6.353767063977383556e-02
6.342115756763395951e-02
6.330486657174194676e-02
6.318879720177898729e-02
6.307294900842885799e-02
6.295732154339230002e-02
6.284191435936099801e-02
6.272672701003596807e-02
6.261175905011180653e-02
6.249701003527233234e-02
6.238247952219885817e-02
6.226816706856186379e-02
6.215407223301935152e-02
6.204019457521675607e-02
6.192653365576944458e-02
6.181308903629058327e-02
6.169986027934971917e-02
6.158684694851247754e-02
6.147404860829146223e-02
6.136146482419073400e-02
6.124909516267058873e-02
6.113693919115733427e-02
6.102499647803906468e-02
6.091326659266671495e-02
6.080174910533966970e-02
6.069044358732273575e-02
6.057934961082315356e-02
6.046846674900009655e-02
6.035779457596929243e-02
6.024733266677724519e-02
6.013708059742325918e-02
6.002703794483745664e-02
5.991720428689786826e-02
5.980757920240622333e-02
5.969816227110577578e-02
5.958895307367078481e-02
5.947995119169444123e-02
5.937115620770565955e-02
5.926256770515245242e-02
5.915418526839942570e-02
5.904600848273752062e-02
5.893803693436480695e-02
5.883027021040688337e-02
5.872270789888544423e-02
5.861534958874297513e-02
5.850819486982349743e-02
5.840124333287257524e-02
5.829449456955229647e-02
5.818794817241070005e-02
5.808160373488864547e-02
5.797546085134405724e-02
5.786951911701140178e-02
5.776377812801984646e-02
5.765823748138742405e-02
5.755289677502273965e-02
5.744775560771184231e-02
5.734281357913094401e-02
5.723807028982243195e-02
5.713352534122157628e-02
5.702917833563401345e-02
5.692502887623253349e-02
5.682107656707061083e-02
5.671732101306303786e-02
5.661376181999107360e-02
5.651039859450732172e-02
5.640723094412076338e-02
5.630425847720128829e-02
5.620148080297761306e-02
5.609889753153071007e-02
5.599650827380681789e-02
5.589431264158493951e-02
5.579231024751632462e-02
5.569050070508013012e-02
5.558888362860606169e-02
5.548745863327071703e-02
5.538622533508710116e-02
5.528518335091014979e-02
5.518433229843815180e-02
5.508367179618422343e-02
5.498320146350992726e-02
5.488292092060411548e-02
5.478282978848713486e-02
5.468292768899921108e-02
5.458321424480846312e-02
5.448368907939942635e-02
5.438435181708922012e-02
5.428520208299855015e-02
5.418623950307782655e-02
5.408746370407934573e-02
5.398887431357290989e-02
5.389047095994602826e-02
5.379225327237943666e-02
5.369422088086776845e-02
5.359637341621409368e-02
5.349871051001127420e-02
5.340123179466583353e-02
5.330393690337578011e-02
5.320682547013579067e-02
5.310989712972372795e-02
5.301315151773155349e-02
5.291658827052510977e-02
5.282020702526989825e-02
5.272400741990113104e-02
5.262798909316040302e-02
5.253215168455213635e-02
5.243649483437484715e-02
5.234101818368610409e-02
5.224572137435261332e-02
5.215060404898402141e-02
5.205566585098307664e-02
5.196090642451224595e-02
5.186632541451197120e-02
5.177192246667799980e-02
5.167769722748451200e-02
5.158364934416481001e-02
5.148977846470394193e-02
5.139608423786333480e-02
5.130256631314636384e-02
5.120922434082936237e-02
5.111605797192363826e-02
5.102306685820320875e-02
5.093025065219639047e-02
5.083760900717629316e-02
5.074514157715136892e-02
5.065284801690041888e-02
5.056072798192063483e-02
5.046878112845813724e-02
5.037700711350852345e-02
5.028540559479285216e-02
5.019397623077339471e-02
5.010271868064857664e-02
5.001163260433785090e-02
4.992071766251204162e-02
4.982997351654666618e-02
4.973939982856478287e-02
4.964899626139687022e-02
4.955876247860984546e-02
4.946869814449073033e-02
4.937880292404492333e-02
4.928907648299151595e-02
4.919951848777569248e-02
4.911012860553939929e-02
4.902090650415862755e-02
4.893185185221391592e-02
4.884296431898654117e-02
4.875424357447896706e-02
4.866568928938628386e-02
4.857730113511961323e-02
4.848907878378107966e-02
4.840102190819101091e-02
4.831313018185145330e-02
4.822540327897298362e-02
4.813784087445556470e-02
4.805044264389810027e-02
4.796320826359163486e-02
4.787613741051475330e-02
4.778922976234292741e-02
4.770248499742438253e-02
4.761590279480838045e-02
4.752948283422830933e-02
4.744322479608259480e-02
4.735712836147571575e-02
4.727119321217227582e-02
4.718541903062095644e-02
4.709980549995040899e-02
4.701435230395858283e-02
4.692905912711440447e-02
4.684392565456701324e-02
4.675895157212706099e-02
4.667413656627533020e-02
4.658948032416456581e-02
4.650498253360482726e-02
4.642064288307427844e-02
4.633646106170612872e-02
4.625243675930639647e-02
4.616856966632558457e-02
4.608485947387336995e-02
4.600130587373293944e-02
4.591790855831812124e-02
4.583466722070578259e-02
4.575158155461771237e-02
4.566865125443860668e-02
4.558587601518091642e-02
4.550325553252430183e-02
4.542078950277753796e-02
4.533847762289234390e-02
4.525631959047395764e-02
4.517431510376006265e-02
4.509246386162259201e-02
4.501076556358164088e-02
4.492921990978604452e-02
4.484782660101020724e-02
4.476658533867635542e-02
4.468549582483104937e-02
4.460455776215016543e-02
4.452377085393393469e-02
4.444313480411655332e-02
4.436264931724747534e-02
4.428231409851818290e-02
4.420212885371452294e-02
4.412209328926398194e-02
4.404220711221142753e-02
4.396247003021191979e-02
4.388288175153161330e-02
4.380344198507308412e-02
4.372415044032748610e-02
4.364500682741848103e-02
4.356601085706052895e-02
4.348716224059259727e-02
4.340846068995680984e-02
4.332990591770108368e-02
4.325149763697171829e-02
4.317323556152187491e-02
4.309511940571810612e-02
4.301714888450947766e-02
4.293932371345711430e-02
4.286164360871207862e-02
4.278410828702136626e-02
4.270671746573494187e-02
4.262947086278866954e-02
4.255236819670825399e-02
4.247540918662316700e-02
4.239859355223460358e-02
4.232192101384580490e-02
4.224539129233871593e-02
4.216900410918322101e-02
4.209275918643454184e-02
4.201665624672287075e-02
4.194069501326875421e-02
4.186487520986846567e-02
4.178919656089018914e-02
4.171365879129126930e-02
4.163826162659629848e-02
4.156300479290923194e-02
4.148788801690286160e-02
4.141291102581778211e-02
4.133807354747435353e-02
4.126337531025665861e-02
4.118881604312271683e-02
4.111439547558214114e-02
4.104011333771991066e-02
4.096596936018801621e-02
4.089196327419175603e-02
4.081809481150242003e-02
4.074436370445628369e-02
4.067076968592966968e-02
4.059731248937371167e-02
4.052399184879919292e-02
4.045080749874913756e-02
4.037775917433954198e-02
4.030484661123638623e-02
4.023206954564513549e-02
4.015942771432749747e-02
4.008692085459356069e-02
4.001454870430109362e-02
3.994231100185061806e-02
3.987020748619718447e-02
3.979823789681533053e-02
3.972640197375277432e-02
3.965469945756305847e-02
3.958313008937488359e-02
3.951169361083139986e-02
3.944038976411838593e-02
3.936921829195583200e-02
3.929817893760197134e-02
3.922727144484723649e-02
3.915649555801544585e-02
3.908585102195652472e-02
3.901533758204651231e-02
3.894495498420242480e-02
3.887470297485830922e-02
3.880458130097889230e-02
3.873458971005107332e-02
3.866472795008164126e-02
3.859499576961074319e-02
3.852539291768391355e-02
3.845591914388463151e-02
3.838657419829250017e-02
3.831735783153254055e-02
3.824826979471835503e-02
3.817930983949976292e-02
3.811047771802905659e-02
3.804177318296789873e-02
3.797319598750306668e-02
3.790474588532544153e-02
3.783642263062890476e-02
3.776822597812075355e-02
3.770015568301580966e-02
3.763221150103637780e-02
3.756439318839982500e-02
3.749670050184039649e-02
3.742913319858242466e-02
3.736169103636222122e-02
3.729437377340293763e-02
3.722718116844661584e-02
3.716011298070426294e-02
3.709316896990980800e-02
3.702634889628456105e-02
3.695965252053246691e-02
3.689307960387031710e-02
3.682662990798867692e-02
3.676030319508236804e-02
3.669409922782859018e-02
3.662801776939578202e-02
3.656205858343592602e-02
3.649622143410129194e-02
3.643050608600696683e-02
3.636491230428123139e-02
3.629943985449772537e-02
3.623408850274919407e-02
3.616885801558934743e-02
3.610374816005328114e-02
3.603875870366228529e-02
3.597388941440275711e-02
3.590914006075759946e-02
3.584451041166234614e-02
3.578000023654123729e-02
3.571560930529383421e-02
3.565133738828438204e-02
3.558718425634622984e-02
3.552314968079204466e-02
3.545923343339861533e-02
3.539543528640589493e-02
3.533175501253625617e-02
3.526819238495995656e-02
3.520474717732522546e-02
3.514141916373478974e-02
3.507820811876106309e-02
3.501511381743749318e-02
3.495213603525364199e-02
3.488927454816001528e-02
3.482652913257433536e-02
3.476389956535759496e-02
3.470138562383860009e-02
3.463898708579472852e-02
3.457670372946512749e-02
3.451453533353703029e-02
3.445248167715044690e-02
3.439054253989780319e-02
3.432871770182513438e-02
3.426700694341563991e-02
3.420541004562663301e-02
3.414392678982925561e-02
3.408255695787076184e-02
3.402130033202407228e-02
3.396015669501651485e-02
3.389912583001631480e-02
3.383820752063184528e-02
3.377740155092295166e-02
3.371670770537409101e-02
3.365612576891706398e-02
3.359565552692214685e-02
3.353529676520055486e-02
3.347504926999859964e-02
3.341491282799170792e-02
3.335488722629290081e-02
3.329497225245979519e-02
3.323516769446258068e-02
3.317547334072269705e-02
3.311588898007197801e-02
3.305641440179546420e-02
3.299704939558868733e-02
3.293779375157915301e-02
3.287864726033219720e-02
3.281960971281801254e-02
3.276068090045785447e-02
3.270186061507182607e-02
3.264314864891686152e-02
3.258454479467636639e-02
3.252604884543888047e-02
3.246766059472956656e-02
3.240937983648448095e-02
3.235120636505442460e-02
3.229313997521832819e-02
3.223518046216650168e-02
3.217732762150307679e-02
3.211958124923872115e-02
3.206194114182751853e-02
3.200440709609964768e-02
3.194697890932052253e-02
3.188965637916198193e-02
3.183243930369818869e-02
3.177532748142068708e-02
3.171832071123352470e-02
3.166141879242907742e-02
3.160462152472937741e-02
3.154792870824731782e-02
3.149134014350327138e-02
3.143485563142123934e-02
3.137847497333903085e-02
3.132219797097740566e-02
3.126602442647206936e-02
3.120995414235432780e-02
3.115398692155380012e-02
3.109812256740287703e-02
3.104236088362841497e-02
3.098670167435362000e-02
3.093114474409459566e-02
3.087568989776859688e-02
3.082033694069074431e-02
3.076508567855523041e-02
3.070993591746357110e-02
3.065488746389174665e-02
3.059994012472410860e-02
3.054509370722296654e-02
3.049034801905048039e-02
3.043570286824329521e-02
3.038115806323217136e-02
3.032671341283945179e-02
3.027236872625949787e-02
3.021812381308749615e-02
3.016397848328985706e-02
3.010993254722508713e-02
3.005598581562100510e-02
3.000213809960489489e-02
2.994838921066306919e-02
2.989473896068630884e-02
2.984118716191911519e-02
2.978773362700061489e-02
2.973437816894367036e-02
2.968112060113442183e-02
2.962796073733620084e-02
2.957489839168338241e-02
2.952193337869244566e-02
2.946906551324678797e-02
2.941629461060325801e-02
2.936362048638754829e-02
2.931104295660310818e-02
2.925856183761009130e-02
2.920617694615685808e-02
2.915388809934368539e-02
2.910169511463699468e-02
2.904959780988264004e-02
2.899759600329453874e-02
2.894568951342980576e-02
2.889387815922857955e-02
2.884216175998522563e-02
2.879054013536433421e-02
2.873901310538588827e-02
2.868758049042945124e-02
2.863624211124601165e-02
2.858499778892818061e-02
2.853384734494665911e-02
2.848279060111665734e-02
2.843182737961746573e-02
2.838095750297161060e-02
2.833018079407484055e-02
2.827949707617152808e-02
2.822890617285717801e-02
2.817840790807754625e-02
2.812800210613574867e-02
2.807768859168532569e-02
2.802746718973904080e-02
2.797733772564237748e-02
2.792730002510405637e-02
2.787735391418346212e-02
2.782749921926469180e-02
2.777773576710761486e-02
2.772806338480584068e-02
2.767848189979851825e-02
2.762899113986955549e-02
2.757959093314573881e-02
2.753028110810073342e-02
2.748106149355042382e-02
2.743193191865788208e-02
2.738289221291173581e-02
2.733394220614972225e-02
2.728508172855595784e-02
2.723631061064376788e-02
2.718762868326695878e-02
2.713903577762317998e-02
2.709053172523454706e-02
2.704211635797618835e-02
2.699378950803812613e-02
2.694555100796178562e-02
2.689740069061662478e-02
2.684933838920477295e-02
2.680136393725438340e-02
2.675347716863590158e-02
2.670567791754898876e-02
2.665796601851639497e-02
2.661034130639878745e-02
2.656280361638192755e-02
2.651535278397470011e-02
2.646798864502591941e-02
2.642071103569745144e-02
2.637351979248570705e-02
2.632641475221169855e-02
2.627939575201247713e-02
2.623246262936330606e-02
2.618561522205281947e-02
2.613885336819418009e-02
2.609217690622217187e-02
2.604558567489673182e-02
2.599907951328908964e-02
2.595265826079875063e-02
2.590632175714444041e-02
2.586006984235703424e-02
2.581390235678891060e-02
2.576781914110480229e-02
2.572182003629735689e-02
2.567590488366624374e-02
2.563007352482086706e-02
2.558432580169691176e-02
2.553866155653993636e-02
2.549308063189767090e-02
2.544758287064389710e-02
2.540216811596919533e-02
2.535683621134994861e-02
2.531158700059580116e-02
2.526642032781545658e-02
2.522133603743096850e-02
2.517633397417072191e-02
2.513141398307386712e-02
2.508657590948202426e-02
2.504181959903736474e-02
2.499714489770769876e-02
2.495255165174843290e-02
2.490803970771895276e-02
2.486360891249714961e-02
2.481925911324476750e-02
2.477499015744174735e-02
2.473080189286713457e-02
2.468669416759361121e-02
2.464266682999538896e-02
2.459871972875587662e-02
2.455485271284576707e-02
2.451106563154734075e-02
2.446735833442639438e-02
2.442373067135479581e-02
2.438018249250512026e-02
2.433671364833575601e-02
2.429332398960703729e-02
2.425001336736849061e-02
2.420678163296840352e-02
2.416362863805576397e-02
2.412055423454970149e-02
2.407755827468707754e-02
2.403464061098808946e-02
2.399180109625331792e-02
2.394903958358763491e-02
2.390635592637511617e-02
2.386374997829593739e-02
2.382122159332081268e-02
2.377877062570344160e-02
2.373639692997963138e-02
2.369410036098235084e-02
2.365188077383120063e-02
2.360973802392341350e-02
2.356767196694149746e-02
2.352568245885623688e-02
2.348376935592861800e-02
2.344193251468440140e-02
2.340017179194951030e-02
2.335848704482643839e-02
2.331687813069149157e-02
2.327534490721214905e-02
2.323388723233065639e-02
2.319250496427071803e-02
2.315119796153284129e-02
2.310996608289748663e-02
2.306880918742748587e-02
2.302772713444921696e-02
2.298671978358354448e-02
2.294578699471137156e-02
2.290492862799789822e-02
2.286414454388463816e-02
2.282343460307943023e-02
2.278279866656999011e-02
2.274223659561433811e-02
2.270174825175075642e-02
2.266133349677535921e-02
2.262099219276672915e-02
2.258072420207282022e-02
2.254052938729956407e-02
2.250040761134627573e-02
2.246035873736247634e-02
2.242038262877057639e-02
2.238047914926336382e-02
2.234064816279983379e-02
2.230088953360379045e-02
2.226120312617066097e-02
2.222158880525777758e-02
2.218204643589027220e-02
2.214257588335079990e-02
2.210317701319005138e-02
2.206384969122744330e-02
2.202459378354237191e-02
2.198540915647325192e-02
2.194629567662421954e-02
2.190725321085930030e-02
2.186828162629618488e-02
2.182938079032889153e-02
2.179055057059557307e-02
2.175179083500772617e-02
2.171310145171825509e-02
2.167448228915073646e-02
2.163593321598054550e-02
2.159745410115109301e-02
2.155904481384163934e-02
2.152070522351122103e-02
2.148243519984985306e-02
2.144423461281910054e-02
2.140610333263993914e-02
2.136804122976304274e-02
2.133004817491431296e-02
2.129212403906550338e-02
2.125426869343273462e-02
2.121648200949583993e-02
2.117876385898282907e-02
2.114111411386850048e-02
2.110353264637164841e-02
2.106601932898252011e-02
2.102857403441690115e-02
2.099119663564842642e-02
2.095388700590309142e-02
2.091664501864249834e-02
2.087947054758980750e-02
2.084236346670433754e-02
2.080532365019429480e-02
2.076835097250984488e-02
2.073144530835796182e-02
2.069460653267374620e-02
2.065783452064409720e-02
2.062112914770497171e-02
2.058449028952998722e-02
2.054791782201924669e-02
2.051141162135008966e-02
2.047497156390326589e-02
2.043859752633542942e-02
2.040228938551148785e-02
2.036604701855439237e-02
2.032987030282976462e-02
2.029375911593057913e-02
2.025771333569007307e-02
2.022173284018171507e-02
2.018581750771938216e-02
2.014996721685206535e-02
2.011418184636256865e-02
2.007846127527127336e-02
2.004280538283633589e-02
2.000721404854150995e-02
1.997168715211459014e-02
1.993622457351779814e-02
1.990082619293990704e-02
1.986549189080501904e-02
1.983022154777448406e-02
1.979501504473141216e-02
1.975987226280758943e-02
1.972479308334544601e-02
1.968977738793273313e-02
1.965482505837731764e-02
1.961993597672529246e-02
1.958511002524914585e-02
1.955034708644779601e-02
1.951564704304368028e-02
1.948100977800198280e-02
1.944643517450102971e-02
1.941192311594509487e-02
1.937747348598279837e-02
1.934308616846752704e-02
1.930876104748811134e-02
1.927449800735817065e-02
1.924029693261179036e-02
1.920615770801179997e-02
1.917208021854186623e-02
1.913806434940926865e-02
1.910410998604284566e-02
1.907021701409076370e-02
1.903638531943091516e-02
1.900261478816175909e-02
1.896890530659428240e-02
1.893525676126149582e-02
1.890166903891609199e-02
1.886814202654317832e-02
1.883467561133178939e-02
1.880126968068702997e-02
1.876792412225111381e-02
1.873463882386331575e-02
1.870141367359758749e-02
1.866824855972118447e-02
1.863514337074295701e-02
1.860209799537590122e-02
1.856911232254171776e-02
1.853618624139295040e-02
1.850331964128178186e-02
1.847051241178473621e-02
1.843776444268106426e-02
1.840507562397594374e-02
1.837244584588262203e-02
1.833987499882156966e-02
1.830736297342092089e-02
1.827490966054037824e-02
1.824251495123260444e-02
1.821017873676809493e-02
1.817790090862130351e-02
1.814568135848662958e-02
1.811351997825414242e-02
1.808141666003513365e-02
1.804937129614874597e-02
1.801738377910559741e-02
1.798545400164525479e-02
1.795358185670400952e-02
1.792176723741871827e-02
1.789001003714613819e-02
1.785831014944417802e-02
1.782666746806561495e-02
1.779508188698788324e-02
1.776355330037390767e-02
1.773208160259841584e-02
1.770066668824591197e-02
1.766930845209154291e-02
1.763800678911746356e-02
1.760676159452477518e-02
1.757557276369542398e-02
1.754444019222123688e-02
1.751336377588795859e-02
1.748234341069655404e-02
1.745137899283445010e-02
1.742047041870244464e-02
1.738961758488567419e-02
1.735882038818389178e-02
1.732807872558009624e-02
1.729739249427179534e-02
1.726676159164325028e-02
1.723618591527578334e-02
1.720566536295496662e-02
1.717519983265667488e-02
1.714478922256263901e-02
1.711443343103533771e-02
1.708413235664838978e-02
1.705388589815619305e-02
1.702369395452066683e-02
1.699355642489078916e-02
1.696347320861464267e-02
1.693344420522619256e-02
1.690346931446001788e-02
1.687354843623571285e-02
1.684368147067556373e-02
1.681386831808503665e-02
1.678410887896793560e-02
1.675440305400505148e-02
1.672475074409607992e-02
1.669515185029682783e-02
1.666560627388284643e-02
1.663611391629504430e-02
1.660667467918600440e-02
1.657728846437945408e-02
1.654795517389153620e-02
1.651867470994274750e-02
1.648944697491642325e-02
1.646027187139247061e-02
1.643114930214914504e-02
1.640207917013895497e-02
1.637306137850148488e-02
1.634409583056668086e-02
1.631518242984775213e-02
1.628632108004497356e-02
1.625751168503120764e-02
1.622875414889148743e-02
1.620004837586102794e-02
1.617139427038436286e-02
1.614279173707543202e-02
1.611424068073591051e-02
1.608574100635006346e-02
1.605729261908310154e-02
1.602889542428082362e-02
1.600054932747206615e-02
1.597225423436817240e-02
1.594401005086272874e-02
1.591581668301820726e-02
1.588767403708757353e-02
1.585958201950296922e-02
1.583154053687302679e-02
1.580354949599213979e-02
1.577560880380744768e-02
1.574771836748135867e-02
1.571987809433154915e-02
1.569208789185431996e-02
1.566434766772554013e-02
1.563665732980220810e-02
1.560901678611498027e-02
1.558142594486813630e-02
1.555388471443575407e-02
1.552639300338072743e-02
1.549895072042926578e-02
1.547155777449517496e-02
1.544421407465257010e-02
1.541691953015352813e-02
1.538967405042764199e-02
1.536247754507288031e-02
1.533532992386230087e-02
1.530823109674371400e-02
1.528118097383510988e-02
1.525417946541693381e-02
1.522722648195782430e-02
1.520032193408703616e-02
1.517346573260787423e-02
1.514665778848794421e-02
1.511989801287817736e-02
1.509318631707995406e-02
1.506652261258432761e-02
1.503990681103618311e-02
1.501333882425177728e-02
1.498681856422538934e-02
1.496034594310802560e-02
1.493392087322011411e-02
1.490754326705742705e-02
1.488121303727295980e-02
1.485493009669179229e-02
1.482869435830202164e-02
1.480250573526366298e-02
1.477636414089208809e-02
1.475026948867446536e-02
1.472422169226795564e-02
1.469822066548375980e-02
1.467226632230280228e-02
1.464635857687198416e-02
1.462049734349510702e-02
1.459468253664546709e-02
1.456891407095843062e-02
1.454319186122822634e-02
1.451751582241510123e-02
1.449188586964089351e-02
1.446630191818907771e-02
1.444076388349877643e-02
1.441527168117537512e-02
1.438982522699368966e-02
1.436442443686884556e-02
1.433906922689080939e-02
1.431375951330785684e-02
1.428849521252004151e-02
1.426327624109673640e-02
1.423810251575671065e-02
1.421297395338127871e-02
1.418789047101699265e-02
1.416285198585207940e-02
1.413785841524590504e-02
1.411290967670634534e-02
1.408800568790854330e-02
1.406314636666724724e-02
1.403833163097651694e-02
1.401356139896787166e-02
1.398883558893249807e-02
1.396415411932149658e-02
1.393951690874277796e-02
1.391492387594017374e-02
1.389037493983570626e-02
1.386587001949661155e-02
1.384140903414099108e-02
1.381699190314213815e-02
1.379261854602686216e-02
1.376828888247345548e-02
1.374400283231176634e-02
1.371976031553488046e-02
1.369556125227039400e-02
1.367140556280806510e-02
1.364729316759044457e-02
1.362322398720018472e-02
1.359919794238253522e-02
1.357521495402841567e-02
1.355127494317980713e-02
1.352737783102602072e-02
1.350352353890721738e-02
1.347971198831654505e-02
1.345594310088568842e-02
1.343221679840613317e-02
1.340853300281082648e-02
1.338489163619007924e-02
1.336129262077043363e-02
1.333773587892729366e-02
1.331422133318848483e-02
1.329074890623010638e-02
1.326731852086856026e-02
1.324393010006387310e-02
1.322058356694106977e-02
1.319727884473775176e-02
1.317401585687767024e-02
1.315079452689110577e-02
1.312761477847842508e-02
1.310447653547484881e-02
1.308137972186071592e-02
1.305832426176204396e-02
1.303531007944409847e-02
1.301233709932260278e-02
1.298940524594961385e-02
1.296651444402953726e-02
1.294366461839535805e-02
1.292085569403024319e-02
1.289808759606068944e-02
1.287536024975766136e-02
1.285267358051499220e-02
1.283002751389880451e-02
1.280742197558143967e-02
1.278485689140476667e-02
1.276233218733093325e-02
1.273984778947862516e-02
1.271740362409331040e-02
1.269499961755867629e-02
1.267263569641518921e-02
1.265031178732222046e-02
1.262802781708696059e-02
1.260578371265557232e-02
1.258357940110674082e-02
1.256141480966612746e-02
1.253928986568283825e-02
1.251720449666214596e-02
1.249515863023120850e-02
1.247315219415435703e-02
1.245118511634126478e-02
1.242925732483511105e-02
1.240736874780570646e-02
1.238551931357096889e-02
1.236370895057399555e-02
1.234193758740603775e-02
1.232020515277649358e-02
1.229851157554463260e-02
1.227685678469123826e-02
1.225524070933674096e-02
1.223366327874482982e-02
1.221212442228878335e-02
1.219062406950143125e-02
1.216916215003264155e-02
1.214773859366483078e-02
1.212635333032569158e-02
1.210500629005686023e-02
1.208369740305120614e-02
1.206242659961649644e-02
1.204119381020126583e-02
1.201999896538172123e-02
1.199884199587048471e-02
1.197772283249556521e-02
1.195664140623696990e-02
1.193559764819073984e-02
1.191459148958233169e-02
1.189362286177219827e-02
1.187269169625363406e-02
1.185179792463537767e-02
1.183094147866798999e-02
1.181012229022308964e-02
1.178934029130541093e-02
1.176859541404077711e-02
1.174788759069761955e-02
1.172721675365369885e-02
1.170658283542120454e-02
1.168598576864636994e-02
1.166542548609066088e-02
1.164490192065705497e-02
1.162441500535046392e-02
1.160396467333139718e-02
1.158355085785922438e-02
1.156317349234594304e-02
1.154283251030230155e-02
1.152252784537171129e-02
1.150225943133842237e-02
1.148202720209776616e-02
1.146183109166501284e-02
1.144167103419175061e-02
1.142154696394352513e-02
1.140145881531094522e-02
1.138140652282026814e-02
1.136139002109945971e-02
1.134140924491157908e-02
1.132146412914455946e-02
1.130155460880860087e-02
1.128168061902780177e-02
1.126184209505329964e-02
1.124203897225990907e-02
1.122227118614313457e-02
1.120253867231688592e-02
1.118284136651279299e-02
1.116317920459428299e-02
1.114355212253699372e-02
1.112396005643641154e-02
1.110440294251585636e-02
1.108488071710143040e-02
1.106539331666096283e-02
1.104594067776484313e-02
1.102652273710917619e-02
1.100713943150889544e-02
1.098779069789884710e-02
1.096847647332420753e-02
1.094919669495931190e-02
1.092995130008679074e-02
1.091074022611534383e-02
1.089156341056572025e-02
1.087242079107502563e-02
1.085331230539989152e-02
1.083423789141746418e-02
1.081519748711225887e-02
1.079619103059090493e-02
1.077721846007321897e-02
1.075827971390229051e-02
1.073937473053009073e-02
1.072050344852189079e-02
1.070166580656235072e-02
1.068286174345076806e-02
1.066409119809813913e-02
1.064535410953318557e-02
1.062665041690073059e-02
1.060798005945222909e-02
1.058934297656295709e-02
1.057073910770974998e-02
1.055216839249789595e-02
1.053363077062898293e-02
1.051512618192679098e-02
1.049665456633149321e-02
1.047821586388538936e-02
1.045981001475597243e-02
1.044143695921078731e-02
1.042309663763058870e-02
1.040478899051167604e-02
1.038651395846996658e-02
1.036827148221059966e-02
1.035006150257463710e-02
1.033188396049461617e-02
1.031373879701831010e-02
1.029562595331747453e-02
1.027754537065198211e-02
1.025949699040321766e-02
1.024148075406706299e-02
1.022349660323935809e-02
1.020554447962766439e-02
1.018762432505590163e-02
1.016973608143866004e-02
1.015187969082728681e-02
1.013405509535176240e-02
1.011626223726795094e-02
1.009850105894096600e-02
1.008077150282616664e-02
1.006307351150995469e-02
1.004540702767068965e-02
1.002777199409560401e-02
1.001016835368041986e-02
9.992596049432665717e-03
9.975055024452847766e-03
9.957545221968689894e-03
9.940066585295148291e-03
9.922619057854558527e-03
9.905202583195417410e-03
9.887817104938707163e-03
9.870462566838723514e-03
9.853138912743853589e-03
9.835846086603003066e-03
9.818584032477701076e-03
9.801352694534550686e-03
9.784152017032260104e-03
9.766981944345701563e-03
9.749842420951997102e-03
9.732733391424218047e-03
9.715654800452663137e-03
9.698606592813442673e-03
9.681588713401648172e-03
9.664601107207078379e-03
9.647643719314837746e-03
9.630716494930292165e-03
9.613819379347582003e-03
9.596952317971953195e-03
9.580115256300569468e-03
9.563308139931158205e-03
9.546530914580025548e-03
9.529783526051920778e-03
9.513065920246838170e-03
9.496378043178601083e-03
9.479719840949352855e-03
9.463091259783038695e-03
9.446492245974796864e-03
9.429922745936576700e-03
9.413382706176745204e-03
9.396872073311758264e-03
9.380390794044447117e-03
9.363938815182850511e-03
9.347516083636750461e-03
9.331122546407990756e-03
9.314758150603572387e-03
9.298422843422710776e-03
9.282116572173182076e-03
9.265839284247023161e-03
9.249590927146181252e-03
9.233371448466054857e-03
9.217180795897166046e-03
9.201018917231233718e-03
9.184885760347594186e-03
9.168781273240049490e-03
9.152705403988834268e-03
9.136658100766418406e-03
9.120639311850500114e-03
9.104648985609821096e-03
9.088687070509533783e-03
9.072753515117793280e-03
9.056848268083833933e-03
9.040971278165530617e-03
9.025122494211341995e-03
9.009301865162385251e-03
8.993509340065458657e-03
8.977744868041578896e-03
8.962008398330457634e-03
8.946299880247948755e-03
8.930619263211290321e-03
8.914966496731556791e-03
8.899341530418509311e-03
8.883744313962266617e-03
8.868174797154970007e-03
8.852632929888602786e-03
8.837118662137306499e-03
8.821631943972991705e-03
8.806172725555951389e-03
8.790740957149928772e-03
8.775336589095981965e-03
8.759959571837389394e-03
8.744609855908849413e-03
8.729287391935635493e-03
8.713992130633818264e-03
8.698724022810449402e-03
8.683483019365896560e-03
8.668269071291442515e-03
8.653082129668742198e-03
8.637922145671279861e-03
8.622789070558078972e-03
8.607682855688393586e-03
8.592603452502635061e-03
8.577550812532041408e-03
8.562524887407085492e-03
8.547525628838837167e-03
8.532552988627914448e-03
8.517606918674312452e-03
8.502687370948631279e-03
8.487794297533263546e-03
8.472927650580053260e-03
8.458087382340183369e-03
8.443273445155613163e-03
8.428485791447799108e-03
8.413724373729456266e-03
8.398989144604867077e-03
8.384280056765792619e-03
8.369597062981815397e-03
8.354940116129647501e-03
8.340309169153138288e-03
8.325704175095474321e-03
8.311125087078354012e-03
8.296571858325087201e-03
8.282044442126192119e-03
8.267542791874030877e-03
8.253066861038068844e-03
8.238616603186022652e-03
8.224191971953393257e-03
8.209792921080474523e-03
8.195419404373127659e-03
8.181071375744555091e-03
8.166748789177525128e-03
8.152451598742435634e-03
8.138179758608487385e-03
8.123933223011336677e-03
8.109711946272066263e-03
8.095515882816612524e-03
8.081344987137566854e-03
8.067199213811604430e-03
8.053078517502023845e-03
8.038982852970331591e-03
8.024912175033607764e-03
8.010866438619184543e-03
7.996845598727356577e-03
7.982849610428643591e-03
7.968878428909470860e-03
7.954932009400932785e-03
7.941010307243442576e-03
7.927113277849852022e-03
7.913240876716435765e-03
7.899393059427068514e-03
7.885569781639715017e-03
7.871770999096286761e-03
7.857996667626356013e-03
7.844246743131293512e-03
7.830521181607827744e-03
7.816819939121727456e-03
7.803142971817900349e-03
7.789490235944267205e-03
7.775861687798089547e-03
7.762257283780618633e-03
7.748676980365185214e-03
7.735120734110249863e-03
7.721588501649329431e-03
7.708080239692030947e-03
7.694595905045090341e-03
7.681135454571793794e-03
7.667698845233833146e-03
7.654286034064882588e-03
7.640896978180186476e-03
7.627531634767849289e-03
7.614189961102775864e-03
7.600871914541115944e-03
7.587577452504015892e-03
7.574306532502924835e-03
7.561059112130915846e-03
7.547835149039214264e-03
7.534634600989300116e-03
7.521457425787301740e-03
7.508303581340553846e-03
7.495173025617930460e-03
7.482065716687696585e-03
7.468981612670936091e-03
7.455920671779967153e-03
7.442882852298159622e-03
7.429868112595097371e-03
7.416876411103364222e-03
7.403907706348796663e-03
7.390961956916440763e-03
7.378039121480503906e-03
7.365139158785337890e-03
7.352262027652760323e-03
7.339407686983974964e-03
7.326576095751236375e-03
7.313767213001369678e-03
7.300980997864656673e-03
7.288217409531087473e-03
7.275476407287977121e-03
7.262757950481985546e-03
7.250061998536008571e-03
7.237388510954670048e-03
7.224737447310328707e-03
7.212108767255523065e-03
7.199502430507890606e-03
7.186918396875091423e-03
7.174356626219072913e-03
7.161817078494652627e-03
7.149299713721435703e-03
7.136804491984894729e-03
7.124331373462096557e-03
7.111880318386117061e-03
7.099451287078611429e-03
7.087044239918040105e-03
7.074659137368332490e-03
7.062295939966401273e-03
7.049954608310379268e-03
7.037635103077918147e-03
7.025337385031279851e-03
7.013061414980573463e-03
7.000807153823266141e-03
6.988574562531655807e-03
6.976363602142414237e-03
6.964174233761837203e-03
6.952006418570674806e-03
6.939860117832472898e-03
6.927735292863269195e-03
6.915631905057025193e-03
6.903549915893640587e-03
6.891489286896199280e-03
6.879449979684061460e-03
6.867431955930588389e-03
6.855435177386154377e-03
6.843459605875486587e-03
6.831505203282565129e-03
6.819571931570035488e-03
6.807659752774071135e-03
6.795768628984261150e-03
6.783898522380438396e-03
6.772049395197979847e-03
6.760221209747453198e-03
6.748413928404553737e-03
6.736627513620115429e-03
6.724861927904600759e-03
6.713117133852068534e-03
6.701393094110022659e-03
6.689689771407626544e-03
6.678007128528073294e-03
6.666345128340616516e-03
6.654703733764351023e-03
6.643082907799416174e-03
6.631482613513079057e-03
6.619902814032552728e-03
6.608343472559909636e-03
6.596804552361730523e-03
6.585286016771086347e-03
6.573787829198356886e-03
6.562309953103197604e-03
6.550852352025725647e-03
6.539414989570597678e-03
6.527997829410318864e-03
6.516600835278196432e-03
6.505223970981094221e-03
6.493867200380191128e-03
6.482530487423282528e-03
6.471213796109003338e-03
6.459917090507008054e-03
6.448640334751123797e-03
6.437383493039203729e-03
6.426146529645734157e-03
6.414929408895200455e-03
6.403732095180359775e-03
6.392554552979994205e-03
6.381396746804528924e-03
6.370258641259782424e-03
6.359140200999346612e-03
6.348041390747252710e-03
6.336962175287272347e-03
6.325902519474685057e-03
6.314862388225973150e-03
6.303841746522368360e-03
6.292840559408290589e-03
6.281858791994423576e-03
6.270896409451152433e-03
6.259953377014963044e-03
6.249029659994126754e-03
6.238125223747342449e-03
6.227240033704083133e-03
6.216374055354508509e-03
6.205527254254177352e-03
6.194699596025148199e-03
6.183891046341780627e-03
6.173101570948568220e-03
6.162331135657838320e-03
6.151579706334610494e-03
6.140847248910775297e-03
6.130133729383713433e-03
6.119439113807118198e-03
6.108763368295582093e-03
6.098106459038172764e-03
6.087468352276633604e-03
6.076849014312224635e-03
6.066248411510976983e-03
6.055666510302665922e-03
6.045103277178264303e-03
6.034558678685564975e-03
6.024032681436586323e-03
6.013525252112066066e-03
6.003036357438017341e-03
5.992565964208225460e-03
5.982114039284289544e-03
5.971680549585343424e-03
5.961265462084489909e-03
5.950868743817592371e-03
5.940490361886416326e-03
5.930130283446507188e-03
5.919788475716569048e-03
5.909464905979634752e-03
5.899159541569195045e-03
5.888872349885420840e-03
5.878603298383353222e-03
5.868352354584885182e-03
5.858119486061800357e-03
5.847904660457227226e-03
5.837707845457961592e-03
5.827529008822828448e-03
5.817368118371090552e-03
5.807225141962049815e-03
5.797100047538216762e-03
5.786992803085955726e-03
5.776903376644238267e-03
5.766831736331723066e-03
5.756777850312281772e-03
5.746741686803526032e-03
5.736723214096619769e-03
5.726722400516469011e-03
5.716739214470130219e-03
5.706773624410873755e-03
5.696825598849278305e-03
5.686895106360250439e-03
5.676982115566010442e-03
5.667086595155569791e-03
5.657208513868603426e-03
5.647347840505794782e-03
5.637504543921074626e-03
5.627678593030444737e-03
5.617869956802106456e-03
5.608078604271054916e-03
5.598304504510927954e-03
5.588547626662167603e-03
5.578807939925697033e-03
5.569085413547351406e-03
5.559380016847179085e-03
5.549691719177381535e-03
5.540020489967501134e-03
5.530366298689388428e-03
5.520729114878788167e-03
5.511108908119848222e-03
5.501505648062068703e-03
5.491919304397277837e-03
5.482349846885155829e-03
5.472797245334554486e-03
5.463261469603057467e-03
5.453742489616994656e-03
5.444240275348850855e-03
5.434754796829732379e-03
5.425286024145254890e-03
5.415833927431884867e-03
5.406398476878147841e-03
5.396979642738075102e-03
5.387577395310803353e-03
5.378191704952121899e-03
5.368822542071222635e-03
5.359469877134898086e-03
5.350133680661983346e-03
5.340813923220695883e-03
5.331510575434910033e-03
5.322223607991760294e-03
5.312952991615402763e-03
5.303698697095684915e-03
5.294460695272464566e-03
5.285238957034396438e-03
5.276033453331521045e-03
5.266844155160356478e-03
5.257671033571068887e-03
5.248514059667013648e-03
5.239373204611903236e-03
5.230248439602356095e-03
5.221139735914165185e-03
5.212047064850626639e-03
5.202970397785875757e-03
5.193909706132480639e-03
5.184864961362382896e-03
5.175836135003991124e-03
5.166823198628715981e-03
5.157826123862846099e-03
5.148844882379760048e-03
5.139879445920741280e-03
5.130929786255128931e-03
5.121995875223269573e-03
5.113077684706919361e-03
5.104175186638997518e-03
5.095288353007690688e-03
5.086417155855171846e-03
5.077561567264906456e-03
5.068721559374186718e-03
5.059897104378222044e-03
5.051088174510920056e-03
5.042294742070368811e-03
5.033516779397957663e-03
5.024754258877237555e-03
5.016007152959680790e-03
5.007275434135983506e-03
4.998559074946083702e-03
4.989858047983035741e-03
4.981172325890436889e-03
4.972501881356505837e-03
4.963846687124323642e-03
4.955206715990125022e-03
4.946581940798553019e-03
4.937972334425274473e-03
4.929377869823448055e-03
4.920798519977728075e-03
4.912234257920693181e-03
4.903685056748144019e-03
4.895150889592728496e-03
4.886631729637144761e-03
4.878127550118556942e-03
4.869638324318860748e-03
4.861164025570689079e-03
4.852704627251330088e-03
4.844260102790169144e-03
4.835830425660804510e-03
4.827415569394736920e-03
4.819015507555183923e-03
4.810630213772840343e-03
4.802259661708377890e-03
4.793903825086649577e-03
4.785562677661230231e-03
4.777236193252642864e-03
4.768924345715195960e-03
4.760627108966856286e-03
4.752344456953780730e-03
4.744076363677396206e-03
4.735822803191044698e-03
4.727583749589837729e-03
4.719359177012413635e-03
4.711149059658080972e-03
4.702953371759430699e-03
4.694772087603356694e-03
4.686605181513921886e-03
4.678452627877475317e-03
4.670314401119489249e-03
4.662190475699516320e-03
4.654080826145855394e-03
4.645985427013773345e-03
4.637904252919448390e-03
4.629837278513826947e-03
4.621784478502397736e-03
4.613745827629753618e-03
4.605721300686769874e-03
4.597710872523939028e-03
4.589714518013386473e-03
4.581732212095688053e-03
4.573763929741641102e-03
4.565809645972209417e-03
4.557869335860430596e-03
4.549942974513848486e-03
4.542030537086505330e-03
4.534131998784050530e-03
4.526247334861240035e-03
4.518376520599628673e-03
4.510519531338377970e-03
4.502676342465662326e-03
4.494846929406838207e-03
4.487031267628190274e-03
4.479229332648697152e-03
4.471441100027669785e-03
4.463666545371445735e-03
4.455905644332713508e-03
4.448158372591711623e-03
4.440424705897704979e-03
4.432704620033234809e-03
4.424998090809106194e-03
4.417305094108006820e-03
4.409625605838453540e-03
4.401959601959659629e-03
4.394307058460006007e-03
4.386667951399486447e-03
4.379042256856219111e-03
4.371429950959887685e-03
4.363831009886434860e-03
4.356245409852582337e-03
4.348673127116917635e-03
4.341114137982008715e-03
4.333568418801979523e-03
4.326035945956309588e-03
4.318516695880679143e-03
4.311010645047285220e-03
4.303517769973268063e-03
4.296038047225471217e-03
4.288571453395847478e-03
4.281117965132991837e-03
4.273677559126667740e-03
4.266250212101107588e-03
4.258835900826331809e-03
4.251434602125963788e-03
4.244046292848247838e-03
4.236670949887508600e-03
4.229308550188813978e-03
4.221959070731203835e-03
4.214622488535471959e-03
4.207298780665139244e-03
4.199987924235739668e-03
4.192689896382856274e-03
4.185404674300387436e-03
4.178132235212379288e-03
4.170872556401216714e-03
4.163625615169981586e-03
4.156391388880608870e-03
4.149169854917232787e-03
4.141960990725386364e-03
4.134764773771075833e-03
4.127581181581188412e-03
4.120410191706185346e-03
4.113251781752203830e-03
4.106105929349516265e-03
4.098972612181951171e-03
4.091851807970481834e-03
4.084743494474687812e-03
4.077647649493660459e-03
4.070564250868477507e-03
4.063493276480414571e-03
4.056434704250027473e-03
4.049388512140093474e-03
4.042354678142782987e-03
4.035333180309681571e-03
4.028323996715945342e-03
4.021327105479701250e-03
4.014342484765066367e-03
4.007370112765513623e-03
4.000409967723554845e-03
3.993462027912083809e-03
3.986526271653946518e-03
3.979602677300508699e-03
3.972691223254280930e-03
3.965791887939229717e-03
3.958904649838209354e-03
3.952029487457439129e-03
3.945166379354954518e-03
3.938315304112857684e-03
3.931476240362954955e-03
3.924649166768147575e-03
3.917834062048007604e-03
3.911030904932967338e-03
3.904239674211736240e-03
3.897460348708777292e-03
3.890692907276414869e-03
3.883937328815783262e-03
3.877193592265935213e-03
3.870461676592103044e-03
3.863741560813416503e-03
3.857033223982113401e-03
3.850336645181130085e-03
3.843651803532688749e-03
3.836978678206814496e-03
3.830317248400922844e-03
3.823667493354844168e-03
3.817029392348415904e-03
3.810402924683142182e-03
3.803788069723358818e-03
3.797184806849757469e-03
3.790593115488893709e-03
3.784012975101959039e-03
3.777444365190521514e-03
3.770887265292897569e-03
3.764341654980895516e-03
3.757807513865776914e-03
3.751284821588120148e-03
3.744773557845737337e-03
3.738273702349544699e-03
3.731785234856886159e-03
3.725308135164742337e-03
3.718842383103179369e-03
3.712387958532959321e-03
3.705944841369655449e-03
3.699513011543714095e-03
3.693092449032268649e-03
3.686683133846173788e-03
3.680285046038495652e-03
3.673898165687993801e-03
3.667522472918641196e-03
3.661157947877862091e-03
3.654804570764858332e-03
3.648462321809561957e-03
3.642131181268338722e-03
3.635811129438389338e-03
3.629502146663776772e-03
3.623204213301730540e-03
3.616917309767868349e-03
3.610641416493480700e-03
3.604376513964332746e-03
3.598122582683030337e-03
3.591879603201615038e-03
3.585647556096111833e-03
3.579426421985020847e-03
3.573216181521749607e-03
3.567016815385567769e-03
3.560828304303583890e-03
3.554650629028369667e-03
3.548483770354664887e-03
3.542327709102667272e-03
3.536182426138134889e-03
3.530047902346624203e-03
3.523924118658976635e-03
3.517811056043635472e-03
3.511708695488890974e-03
3.505617018038998615e-03
3.499536004748026764e-03
3.493465636721541229e-03
3.487405895092108785e-03
3.481356761027859341e-03
3.475318215730950708e-03
3.469290240431678347e-03
3.463272816410676355e-03
3.457265924964350937e-03
3.451269547426662893e-03
3.445283665177770009e-03
3.439308259611370024e-03
3.433343312171204410e-03
3.427388804330116796e-03
3.421444717586074376e-03
3.415511033486832212e-03
3.409587733588393104e-03
3.403674799511828900e-03
3.397772212882901703e-03
3.391879955381425001e-03
3.385998008699456826e-03
3.380126354587120741e-03
3.374264974802452383e-03
3.368413851148370323e-03
3.362572965468961159e-03
3.356742299629261739e-03
3.350921835518529558e-03
3.345111555080709700e-03
3.339311440284139197e-03
3.333521473113481431e-03
3.327741635616911046e-03
3.321971909839912997e-03
3.316212277888420414e-03
3.310462721888510467e-03
3.304723223994123892e-03
3.298993766398204946e-03
3.293274331333627750e-03
3.287564901042384132e-03
3.281865457821874724e-03
3.276175983987898634e-03
3.270496461890992374e-03
3.264826873916909511e-03
3.259167202481670200e-03
3.253517430024457924e-03
3.247877539027154651e-03
3.242247512002959312e-03
3.236627331486418343e-03
3.231016980058969059e-03
3.225416440313309731e-03
3.219825694893750125e-03
3.214244726459347754e-03
3.208673517714871401e-03
3.203112051378314944e-03
3.197560310221599176e-03
3.192018277027295660e-03
3.186485934621970280e-03
3.180963265851940482e-03
3.175450253606091223e-03
3.169946880794420347e-03
3.164453130372344228e-03
3.158968985297432031e-03
3.153494428591894789e-03
3.148029443285668694e-03
3.142574012443906557e-03
3.137128119169687451e-03
3.131691746585031026e-03
3.126264877855619920e-03
3.120847496160635958e-03
3.115439584730834727e-03
3.110041126802030268e-03
3.104652105667992431e-03
3.099272504621983226e-03
3.093902307014628501e-03
3.088541496213667147e-03
3.083190055613903649e-03
3.077847968647536622e-03
3.072515218772828034e-03
3.067191789472451316e-03
3.061877664276580532e-03
3.056572826722875943e-03
3.051277260391104321e-03
3.045990948889108502e-03
3.040713875854901636e-03
3.035446024947069388e-03
3.030187379866397177e-03
3.024937924337161611e-03
3.019697642110154116e-03
3.014466516970090368e-03
3.009244532725618287e-03
3.004031673223656832e-03
2.998827922327893230e-03
2.993633263939123913e-03
2.988447681989153063e-03
2.983271160427714529e-03
2.978103683244268194e-03
2.972945234454950521e-03
2.967795798097433695e-03
2.962655358246388954e-03
2.957523899002719153e-03
2.952401404489185099e-03
2.947287858872191506e-03
2.942183246332292362e-03
2.937087551083673170e-03
2.932000757370230044e-03
2.926922849457946028e-03
2.921853811651635956e-03
2.916793628276056170e-03
2.911742283683191237e-03
2.906699762261317436e-03
2.901666048420931121e-03
2.896641126596762299e-03
2.891624981262257837e-03
2.886617596911663069e-03
2.881618958061443834e-03
2.876629049266562523e-03
2.871647855107440327e-03
2.866675360187205968e-03
2.861711549142847803e-03
2.856756406633647553e-03
2.851809917345187080e-03
2.846872065993513896e-03
2.841942837328978802e-03
2.837022216120935626e-03
2.832110187163063356e-03
2.827206735280830222e-03
2.822311845335833975e-03
2.817425502198115262e-03
2.812547690779639530e-03
2.807678396013301228e-03
2.802817602856105296e-03
2.797965296304923653e-03
2.793121461369299507e-03
2.788286083093070682e-03
2.783459146545952737e-03
2.778640636818728148e-03
2.773830539037187848e-03
2.769028838350338570e-03
2.764235519929997362e-03
2.759450568986130010e-03
2.754673970740885696e-03
2.749905710449875116e-03
2.745145773396972817e-03
2.740394144886518311e-03
2.735650810259018361e-03
2.730915754868868360e-03
2.726188964107076774e-03
2.721470423381777692e-03
2.716760118135850416e-03
2.712058033835797709e-03
2.707364155965731947e-03
2.702678470054175729e-03
2.698000961633191357e-03
2.693331616282360411e-03
2.688670419587698562e-03
2.684017357173285219e-03
2.679372414686259033e-03
2.674735577796997013e-03
2.670106832207388287e-03
2.665486163636431125e-03
2.660873557833051250e-03
2.656269000575891496e-03
2.651672477663152405e-03
2.647083974918050964e-03
2.642503478194714334e-03
2.637930973370273841e-03
2.633366446345428765e-03
2.628809883040222721e-03
2.624261269418590864e-03
2.619720591447146762e-03
2.615187835134214541e-03
2.610662986500488641e-03
2.606146031609768779e-03
2.601636956529244753e-03
2.597135747365961634e-03
2.592642390243958279e-03
2.588156871320862994e-03
2.583679176768114219e-03
2.579209292783545080e-03
2.574747205601433941e-03
2.570292901473206909e-03
2.565846366664108029e-03
2.561407587485855890e-03
2.556976550254393566e-03
2.552553241320769731e-03
2.548137647062720043e-03
2.543729753876510045e-03
2.539329548178087884e-03
2.534937016424047580e-03
2.530552145076516921e-03
2.526174920634968388e-03
2.521805329614523836e-03
2.517443358561107306e-03
2.513088994043290517e-03
2.508742222651192625e-03
2.504403030994281892e-03
2.500071405724304825e-03
2.495747333495456060e-03
2.491430800994713039e-03
2.487121794936986586e-03
2.482820302050354946e-03
2.478526309098784755e-03
2.474239802867120482e-03
2.469960770155041081e-03
2.465689197787364687e-03
2.461425072624652110e-03
2.457168381543076673e-03
2.452919111441557391e-03
2.448677249239286993e-03
2.444442781886623818e-03
2.440215696351680230e-03
2.435995979631937463e-03
2.431783618737876334e-03
2.427578600710988879e-03
2.423380912616002018e-03
2.419190541538634564e-03
2.415007474582839004e-03
2.410831698884073875e-03
2.406663201600721651e-03
2.402501969906995893e-03
2.398347991002774092e-03
2.394201252117446159e-03
2.390061740489977243e-03
2.385929443396074805e-03
2.381804348123676539e-03
2.377686441990597283e-03
2.373575712333302317e-03
2.369472146513375288e-03
2.365375731906002674e-03
2.361286455930089456e-03
2.357204306001112366e-03
2.353129269577324250e-03
2.349061334127950946e-03
2.345000487145300523e-03
2.340946716152925589e-03
2.336900008686219974e-03
2.332860352305503315e-03
2.328827734602188001e-03
2.324802143175026901e-03
2.320783565656560094e-03
2.316771989693445707e-03
2.312767402965927414e-03
2.308769793162657527e-03
2.304779147998460564e-03
2.300795455218397276e-03
2.296818702576008606e-03
2.292848877862151136e-03
2.288885968869974318e-03
2.284929963431892204e-03
2.280980849400688834e-03
2.277038614633708838e-03
2.273103247030691318e-03
2.269174734502233445e-03
2.265253064978130573e-03
2.261338226421516842e-03
2.257430206801046280e-03
2.253528994125832303e-03
2.249634576408230096e-03
2.245746941688732921e-03
2.241866078035358468e-03
2.237991973532021429e-03
2.234124616281348095e-03
2.230263994410078277e-03
2.226410096065727269e-03
2.222562909416231098e-03
2.218722422658736797e-03
2.214888623996502832e-03
2.211061501665588687e-03
2.207241043916327149e-03
2.203427239027258046e-03
2.199620075284190127e-03
2.195819541016130663e-03
2.192025624547823837e-03
2.188238314247101333e-03
2.184457598486310749e-03
2.180683465664495779e-03
2.176915904200146367e-03
2.173154902542388540e-03
2.169400449140998412e-03
2.165652532483313634e-03
2.161911141074062022e-03
2.158176263427941718e-03
2.154447888095959059e-03
2.150726003634913491e-03
2.147010598635986246e-03
2.143301661699372612e-03
2.139599181446823553e-03
2.135903146532005040e-03
2.132213545605254109e-03
2.128530367369718419e-03
2.124853600524180194e-03
2.121183233785631488e-03
2.117519255908502721e-03
2.113861655659335717e-03
2.110210421820156879e-03
2.106565543199187800e-03
2.102927008621010251e-03
2.099294806931385239e-03
2.095668926997444267e-03
2.092049357702395387e-03
2.088436087951522305e-03
2.084829106674498077e-03
2.081228402809538400e-03
2.077633965324586496e-03
2.074045783200352717e-03
2.070463845451230543e-03
2.066888141084691471e-03
2.063318659157252401e-03
2.059755388722501589e-03
2.056198318866698203e-03
2.052647438693265634e-03
2.049102737316928994e-03
2.045564203879797309e-03
2.042031827547357604e-03
2.038505597491749571e-03
2.034985502909599821e-03
2.031471533024161672e-03
2.027963677070991969e-03
2.024461924305348375e-03
2.020966263995900569e-03
2.017476685445347868e-03
2.013993177960971860e-03
2.010515730878586430e-03
2.007044333549675656e-03
2.003578975341366482e-03
2.000119645644316078e-03
1.996666333862865111e-03
1.993219029429361359e-03
1.989777721788333394e-03
1.986342400394091028e-03
1.982913054747012255e-03
1.979489674334817227e-03
1.976072248683185314e-03
1.972660767339024998e-03
1.969255219845906287e-03
1.965855595786891903e-03
1.962461884756533641e-03
1.959074076366518462e-03
1.955692160255119699e-03
1.952316126065053309e-03
1.948945963468295484e-03
1.945581662155254285e-03
1.942223211828731939e-03
1.938870602212226140e-03
1.935523823045011893e-03
1.932182864088646725e-03
1.928847715129318853e-03
1.925518365959290410e-03
1.922194806386974889e-03
1.918877026250002645e-03
1.915565015403615382e-03
1.912258763715723271e-03
1.908958261073079917e-03
1.905663497376421231e-03
1.902374462553685103e-03
1.899091146543487518e-03
1.895813539305484701e-03
1.892541630819019388e-03
1.889275411073333298e-03
1.886014870093567601e-03
1.882759997895194336e-03
1.879510784531891092e-03
1.876267220069627491e-03
1.873029294595574294e-03
1.869796998206411367e-03
1.866570321021533045e-03
1.863349253177384694e-03
1.860133784822140795e-03
1.856923906136864017e-03
1.853719607304885834e-03
1.850520878534721997e-03
1.847327710049459937e-03
1.844140092090642592e-03
1.840958014911019862e-03
1.837781468791868959e-03
1.834610444027459956e-03
1.831444930929917786e-03
1.828284919812629824e-03
1.825130401034909819e-03
1.821981364951051662e-03
1.818837801946477772e-03
1.815699702412273573e-03
1.812567056757047150e-03
1.809439855423193577e-03
1.806318088853663476e-03
1.803201747499924741e-03
1.800090821860487068e-03
1.796985302423663011e-03
1.793885179708871753e-03
1.790790444241364401e-03
1.787701086579037606e-03
1.784617097282620388e-03
1.781538466929667068e-03
1.778465186123803776e-03
1.775397245482665618e-03
1.772334635635252524e-03
1.769277347231253822e-03
1.766225370935891551e-03
1.763178697431973078e-03
1.760137317416213699e-03
1.757101221609240569e-03
1.754070400733844263e-03
1.751044845544808210e-03
1.748024546806962922e-03
1.745009495293726228e-03
1.741999681811689940e-03
1.738995097169711854e-03
1.735995732198150360e-03
1.733001577747233591e-03
1.730012624671574189e-03
1.727028863856004985e-03
1.724050286196520667e-03
1.721076882600903373e-03
1.718108643997304794e-03
1.715145561329603843e-03
1.712187625553154846e-03
1.709234827649283540e-03
1.706287158608792457e-03
1.703344609433440644e-03
1.700407171157781875e-03
1.697474834810637533e-03
1.694547591450777701e-03
1.691625432149527304e-03
1.688708347996902698e-03
1.685796330090096572e-03
1.682889369552475339e-03
1.679987457515816872e-03
1.677090585134873935e-03
1.674198743570429844e-03
1.671311924002615934e-03
1.668430117633008629e-03
1.665553315676008292e-03
1.662681509357142240e-03
1.659814689919184190e-03
1.656952848623510386e-03
1.654095976741415137e-03
1.651244065570745727e-03
1.648397106413435585e-03
1.645555090591794851e-03
1.642718009441008998e-03
1.639885854309633233e-03
1.637058616579580841e-03
1.634236287614521891e-03
1.631418858825068935e-03
1.628606321621231708e-03
1.625798667433586610e-03
1.622995887701223199e-03
1.620197973890030556e-03
1.617404917467364037e-03
1.614616709926683770e-03
1.611833342771828732e-03
1.609054807521929486e-03
1.606281095711448300e-03
1.603512198888267480e-03
1.600748108619531049e-03
1.597988816482436621e-03
1.595234314072992068e-03
1.592484593000314348e-03
1.589739644888649378e-03
1.586999461374368793e-03
1.584264034115610452e-03
1.581533354779624716e-03
1.578807415045921239e-03
1.576086206619047372e-03
1.573369721206108966e-03
1.570657950540925744e-03
1.567950886360728767e-03
1.565248520420433513e-03
1.562550844503017653e-03
1.559857850379565590e-03
1.557169529861199362e-03
1.554485874757282216e-03
1.551806876903327271e-03
1.549132528138845314e-03
1.546462820322751534e-03
1.543797745329430300e-03
1.541137295046134158e-03
1.538481461374073241e-03
1.535830236229134525e-03
1.533183611544598627e-03
1.530541579262638570e-03
1.527904131345112155e-03
1.525271259760900425e-03
1.522642956500610319e-03
1.520019213568383955e-03
1.517400022974150272e-03
1.514785376752693976e-03
1.512175266945393459e-03
1.509569685613129522e-03
1.506968624828289825e-03
1.504372076672534772e-03
1.501780033254745831e-03
1.499192486677974065e-03
1.496609429081165220e-03
1.494030852600008313e-03
1.491456749397104429e-03
1.488887111638334797e-03
1.486321931509462964e-03
1.483761201202686997e-03
1.481204912937161052e-03
1.478653058936605291e-03
1.476105631438276791e-03
1.473562622694017318e-03
1.471024024973606546e-03
1.468489830557144233e-03
1.465960031739781252e-03
1.463434620826323512e-03
1.460913590135828324e-03
1.458396932010209502e-03
1.455884638795679068e-03
1.453376702851881877e-03
1.450873116555766651e-03
1.448373872297608039e-03
1.445878962475045893e-03
1.443388379510641972e-03
1.440902115833709142e-03
1.438420163879238238e-03
1.435942516109245566e-03
1.433469164998056600e-03
1.431000103021538763e-03
1.428535322675780718e-03
1.426074816471476847e-03
1.423618576933180675e-03
1.421166596598853618e-03
1.418718868009847612e-03
1.416275383736069439e-03
1.413836136352888745e-03
1.411401118445786227e-03
1.408970322613100354e-03
1.406543741479158787e-03
1.404121367662802258e-03
1.401703193810683234e-03
1.399289212576349927e-03
1.396879416625170520e-03
1.394473798637686605e-03
1.392072351310799736e-03
1.389675067341624836e-03
1.387281939457077643e-03
1.384892960381409145e-03
1.382508122867243030e-03
1.380127419666685173e-03
1.377750843554114216e-03
1.375378387306851104e-03
1.373010043726520047e-03
1.370645805615896889e-03
1.368285665799002853e-03
1.365929617109304080e-03
1.363577652396857172e-03
1.361229764518037243e-03
1.358885946339765229e-03
1.356546190759020699e-03
1.354210490658117657e-03
1.351878838962452178e-03
1.349551228578707877e-03
1.347227652449236018e-03
1.344908103521360232e-03
1.342592574755943017e-03
1.340281059122610261e-03
1.337973549603889640e-03
1.335670039199690759e-03
1.333370520920000666e-03
1.331074987784574637e-03
1.328783432824897715e-03
1.326495849099695087e-03
1.324212229653239309e-03
1.321932567559576431e-03
1.319656855902676205e-03
1.317385087780979227e-03
1.315117256305132045e-03
1.312853354585511454e-03
1.310593375760067247e-03
1.308337312968065654e-03
1.306085159372800345e-03
1.303836908136238575e-03
1.301592552442997451e-03
1.299352085481607615e-03
1.297115500462016607e-03
1.294882790596073871e-03
1.292653949112505330e-03
1.290428969251527927e-03
1.288207844270999880e-03
1.285990567426838031e-03
1.283777131999595984e-03
1.281567531277065042e-03
1.279361758560911911e-03
1.277159807158702223e-03
1.274961670397788301e-03
1.272767341613630565e-03
1.270576814150978229e-03
1.268390081369810945e-03
1.266207136641176552e-03
1.264027973342385239e-03
1.261852584876629923e-03
1.259680964641818899e-03
1.257513106060231377e-03
1.255349002559225623e-03
1.253188647579839927e-03
1.251032034572751141e-03
1.248879157001133063e-03
1.246730008345441672e-03
1.244584582084299349e-03
1.242442871723405335e-03
1.240304870771661173e-03
1.238170572745184205e-03
1.236039971179272393e-03
1.233913059620034064e-03
1.231789831623622891e-03
1.229670280751886564e-03
1.227554400588957246e-03
1.225442184719404250e-03
1.223333626746750695e-03
1.221228720281571567e-03
1.219127458951106907e-03
1.217029836385500035e-03
1.214935846235906973e-03
1.212845482154681787e-03
1.210758737809840713e-03
1.208675606885584956e-03
1.206596083072693573e-03
1.204520160068235732e-03
1.202447831587146734e-03
1.200379091355544773e-03
1.198313933107118595e-03
1.196252350588557179e-03
1.194194337555273865e-03
1.192139887776613337e-03
1.190088995036651552e-03
1.188041653116926350e-03
1.185997855823428234e-03
1.183957596970295701e-03
1.181920870378301049e-03
1.179887669880026572e-03
1.177857989322631449e-03
1.175831822558433921e-03
1.173809163460453123e-03
1.171790005901382058e-03
1.169774343768246669e-03
1.167762170964259383e-03
1.165753481394446933e-03
1.163748268988049105e-03
1.161746527662197966e-03
1.159748251372075658e-03
1.157753434066405079e-03
1.155762069703725713e-03
1.153774152264084576e-03
1.151789675726841303e-03
1.149808634093890452e-03
1.147831021361405031e-03
1.145856831556012851e-03
1.143886058696207174e-03
1.141918696825515054e-03
1.139954739989477344e-03
1.137994182246724901e-03
1.136037017664579766e-03
1.134083240326489751e-03
1.132132844315744810e-03
1.130185823737589121e-03
1.128242172705273480e-03
1.126301885334679174e-03
1.124364955756101308e-03
1.122431378115633111e-03
1.120501146569348547e-03
1.118574255266673685e-03
1.116650698392049768e-03
1.114730470122897183e-03
1.112813564653244991e-03
1.110899976187576998e-03
1.108989698939602487e-03
1.107082727136130505e-03
1.105179055005110897e-03
1.103278676793791871e-03
1.101381586754907917e-03
1.099487779155099718e-03
1.097597248272000033e-03
1.095709988380741667e-03
1.093825993785260339e-03
1.091945258788399329e-03
1.090067777706682593e-03
1.088193544857786162e-03
1.086322554584458460e-03
1.084454801224556857e-03
1.082590279140442993e-03
1.080728982690831036e-03
1.078870906255001818e-03
1.077016044213063633e-03
1.075164390963503306e-03
1.073315940909356104e-03
1.071470688469723436e-03
1.069628628056690407e-03
1.067789754115698467e-03
1.065954061086351722e-03
1.064121543423705678e-03
1.062292195585754244e-03
1.060466012052646567e-03
1.058642987305014049e-03
1.056823115829639420e-03
1.055006392137560964e-03
1.053192810737605626e-03
1.051382366152430435e-03
1.049575052906638346e-03
1.047770865552354134e-03
1.045969798627725692e-03
1.044171846702719860e-03
1.042377004342109502e-03
1.040585266126564266e-03
1.038796626645008053e-03
1.037011080496803676e-03
1.035228622290913260e-03
1.033449246637488947e-03
1.031672948168141628e-03
1.029899721521283611e-03
1.028129561346244033e-03
1.026362462284781266e-03
1.024598419012832723e-03
1.022837426200816574e-03
1.021079478534710379e-03
1.019324570700653673e-03
1.017572697405989953e-03
1.015823853360400472e-03
1.014078033287853665e-03
1.012335231915607869e-03
1.010595443984070411e-03
1.008858664238552463e-03
1.007124887443279970e-03
1.005394108354324811e-03
1.003666321758678792e-03
1.001941522440700193e-03
1.000219705186892712e-03
9.985008648094231137e-04
