2.485145725752956144e-29
4.995142908763441116e-29
7.555091520861559669e-29
1.019059104816829254e-28
1.292799648595670690e-28
1.579468188860468618e-28
1.881931411013871028e-28
2.203213947277411680e-28
2.546528623013725578e-28
2.915308584980176670e-28
3.313241632796428730e-28
3.744307096940644306e-28
4.212815632054265783e-28
4.723452323488429953e-28
5.281323538157477114e-28
5.892007988208097198e-28
6.561612518140797447e-28
7.296833173254904406e-28
8.105022160101558041e-28
8.994261368549224961e-28
9.973443190682380723e-28
1.105235944472236027e-27
1.224179929320956219e-27
1.355365713462885851e-27
1.500105154739443945e-27
1.659845647563396168e-27
1.836184596862981922e-27
2.030885392131197122e-27
2.245895041320724036e-27
2.483363640923457798e-27
2.745665876935425185e-27
3.035424771716746350e-27
3.355537914215234285e-27
3.709206435855874363e-27
4.099967021855072927e-27
4.531727278072820598e-27
5.008804807071295800e-27
5.535970384140482389e-27
6.118495665051072102e-27
6.762205902612171582e-27
7.473538199199390524e-27
8.259605877778603100e-27
9.128269615135599152e-27
1.008821604864394932e-26
1.114904464263873820e-26
1.232136368305991096e-26
1.361689636031168036e-26
1.504859800116656468e-26
1.663078562203311033e-26
1.837928109911998359e-26
2.031156938719805247e-26
2.244697336914809785e-26
2.480684708478961712e-26
2.741478927127903013e-26
3.029687935048122918e-26
3.348193822318823324e-26
3.700181647812710173e-26
4.089171289784723825e-26
4.519052644654583945e-26
4.994124525970987903e-26
5.519137652547099868e-26
6.099342155648680880e-26
6.740540080306747920e-26
7.449143405767881108e-26
8.232238165286691041e-26
9.097655306458366323e-26
1.005404900069462331e-25
1.111098318493782326e-25
1.227902720103040101e-25
1.356986148913328025e-25
1.499639439212748997e-25
1.657289123904297048e-25
1.831511699834887661e-25
2.024049392763827037e-25
2.236827579620404432e-25
2.471974042273185426e-25
2.731840245348697479e-25
3.019024850877695842e-25
3.336399704915470740e-25
3.687138556002399313e-25
4.074748792649351121e-25
4.503106517222795394e-25
4.976495306968467023e-25
5.499649049783821018e-25
6.077799283097011643e-25
6.716727509241171200e-25
7.422823010477742387e-25
8.203146741819089794e-25
9.065501940578625803e-25
1.001851215874394386e-24
1.107170749849669872e-24
1.223561991323441845e-24
1.352188852710447867e-24
1.494337602624557981e-24
1.651429728564913259e-24
1.825036151790917034e-24
2.016892936534829410e-24
2.228918650644089526e-24
2.463233551259790312e-24
2.722180787388088628e-24
3.008349831390267160e-24
3.324602373706347300e-24
3.674100939759490434e-24
4.060340515210227628e-24
4.487183495813065806e-24
4.958898311374034171e-24
5.480202110048742106e-24
6.056307929823937250e-24
6.692976828897369907e-24
7.396575496259774236e-24
8.174139918584775102e-24
9.033445740095623587e-24
9.983086019007425148e-24
1.103255715810930021e-23
1.219235386879226460e-23
1.347407411816314891e-23
1.489053510871566432e-23
1.645590145035533344e-23
1.818582680649855245e-23
2.009761043070675173e-23
2.221037015922201456e-23
2.454523358932949612e-23
2.712554935533026785e-23
2.997712061488434168e-23
3.312846308058725592e-23
3.661109017709603814e-23
4.045982817537577603e-23
4.471316445540926158e-23
4.941363237999682688e-23
5.460823662838435321e-23
6.034892324305570203e-23
6.669309909015760106e-23
7.370420592816106681e-23
8.145235482544611642e-23
9.001502727098562344e-23
9.947784998923495695e-23
1.099354512073766364e-22
1.214924069375920627e-22
1.342642867371834075e-22
1.483788094041465765e-22
1.639771201651511584e-22
1.812152021278072523e-22
2.002654361117413677e-22
2.213183244567928575e-22
2.445843960464122261e-22
2.702963115964956295e-22
2.987111902625439234e-22
3.301131808312176438e-22
3.648163032082034903e-22
4.031675886172713059e-22
4.455505499125117555e-22
4.923890167068771337e-22
5.441513736683112814e-22
6.013552443664285362e-22
6.645726675082099927e-22
7.344358173250732801e-22
8.116433253151871969e-22
8.969672665584529048e-22
9.912608804673030158e-22
1.095467103180825636e-21
1.210627996926156463e-21
1.337895170640748764e-21
1.478541296061748209e-21
1.633972834443364651e-21
1.805744101169414351e-21
1.995572808907157968e-21
2.205357244733972890e-21
2.437195253008127669e-21
2.693405213812363315e-21
2.976549226754722590e-21
3.289458731964628933e-21
3.635262824494181306e-21
4.017419545268675771e-21
4.439750461495856767e-21
4.906478882337995631e-21
5.422272092003514843e-21
5.992288022589068338e-21
6.622226833400512336e-21
7.318387912545961059e-21
8.087732870816868474e-21
8.937955157795945402e-21
9.877556996352980610e-21
1.091593440487354603e-20
1.206347115744284637e-20
1.333164262158657446e-20
1.473313051194616767e-20
1.628194970742522108e-20
1.799358839997852652e-20
1.988516297653161597e-20
2.197558918285002208e-20
2.428577128099692531e-20
2.683881109195379771e-20
2.966023901383020721e-20
3.277826932584491656e-20
3.622408233111807640e-20
4.003213615970241200e-20
4.424051134988376800e-20
4.889129165356395998e-20
5.403098487377979001e-20
5.971098794273341631e-20
6.598810089111437665e-20
7.292509484840646884e-20
8.059133975418263005e-20
8.906349805750060709e-20
9.842629134139358659e-20
1.087733475387004988e-19
1.202081372113944177e-19
1.328450082562022630e-19
1.468103293835721314e-19
1.622437538047777021e-19
1.792996157640310589e-19
1.981484738809247165e-19
2.189788167366276053e-19
2.419989477596967409e-19
2.674390682603628780e-19
2.955535794436326179e-19
3.266236264213386411e-19
3.609599096632580609e-19
3.989057920018100131e-19
4.408407322603800741e-19
4.871840798415539079e-19
5.383992682211432211e-19
5.949984492829439819e-19
6.575476148375741363e-19
7.266722565405800225e-19
8.030636208089916742e-19
8.874856212854931820e-19
9.807824779748495330e-19
1.083887159443954350e-18
1.197830712507498746e-18
1.323752572696118091e-18
1.462911958611698520e-18
1.616700464113395830e-18
1.786655974256227132e-18
1.974478044141620724e-18
2.182044894468430276e-18
2.411432193739924151e-18
2.664933814948816967e-18
2.945084774307197998e-18
3.254686581408650594e-18
3.596835254324189707e-18
3.974952279782970317e-18
4.392818828039580306e-18
4.854613564576586568e-18
5.364954436759357980e-18
5.928944853309722779e-18
6.552224718393184982e-18
7.241026830660578304e-18
8.002239211234577178e-18
8.843473983920921992e-18
9.773143496446474717e-18
1.080054444393649159e-17
1.193595083586587254e-17
1.319071673615391276e-17
1.457738980380349146e-17
1.610983676949110489e-17
1.780338210287362953e-17
1.967496125728488830e-17
2.174329002426899370e-17
2.402905169149578991e-17
2.655510387563754136e-17
2.934670709853566894e-17
3.243177739241915382e-17
3.584116546022682636e-17
3.960896518263676808e-17
4.377285455687307546e-17
4.837447247667810976e-17
5.345983512124992048e-17
5.907979611703423078e-17
6.529055507398887463e-17
7.215421958168340957e-17
7.973942628519477762e-17
8.812202725155808900e-17
9.738584849043697832e-17
1.076235282142202347e-16
1.189374432201456801e-16
1.314407326582725784e-16
1.452584294229821978e-16
1.605287104819216379e-16
1.774042786456802718e-16
1.960538895958957120e-16
2.166640394420701047e-16
2.394408296826651703e-16
2.646120282200868817e-16
2.924293470397094437e-16
3.231709593297291051e-16
3.571442812130460471e-16
3.946890459084934210e-16
4.361807010630257085e-16
4.820341632281882377e-16
5.327079670256325990e-16
5.887088504933332626e-16
6.505968224659672007e-16
7.189907626632608138e-16
7.945746104871870547e-16
8.781042044159851129e-16
9.704148403889429799e-16
1.072429624765790178e-15
1.185168705390295169e-15
1.309759473068703142e-15
1.447447835477798138e-15
1.599610676241671059e-15
1.767769623767960585e-15
1.953606267531929627e-15
2.158978973971217716e-15
2.385941470150218054e-15
2.636763381030720588e-15
2.913952925721529866e-15
3.220281999669554423e-15
3.558813893614274339e-15
3.932933926495136628e-15
4.346383298640950070e-15
4.803296503773173392e-15
5.308242673943127508e-15
5.866271270852512844e-15
6.482962580470423262e-15
7.164483515893037257e-15
7.917649286474581909e-15
8.749991549920871465e-15
9.669833728866370304e-15
1.068637424510053102e-14
1.180977850378569719e-14
1.305128054750871893e-14
1.442329539670682752e-14
1.593954319987200542e-14
1.761518643503590070e-14
1.946698153455015322e-14
2.151344644940990758e-14
2.377504582876376150e-14
2.627439566640524952e-14
2.903648946071078844e-14
3.208894814962343612e-14
3.546229632003231595e-14
3.919026745364151661e-14
4.331014126178713313e-14
4.786311648255061889e-14
5.289472286813960650e-14
5.845527648240999155e-14
6.460038286150447235e-14
7.139149306921398867e-14
7.889651820761564967e-14
8.719050852809345605e-14
9.635640393385219208e-14
1.064858633789494448e-13
1.176801814578361850e-13
1.300513013513012918e-13
1.437229342582794034e-13
1.588317965078402977e-13
1.755289767224796034e-13
1.939814467043436879e-13
2.143737311532512032e-13
2.369097529136912055e-13
2.618148722032681280e-13
2.893381402148776969e-13
3.197547896286360262e-13
3.533689869386807182e-13
3.905168741181122239e-13
4.315699300387248136e-13
4.769386852597246286e-13
5.270768273333217112e-13
5.824857376802519028e-13
6.437195054039845952e-13
7.113904681817571397e-13
7.861753356413471990e-13
8.688219564573506587e-13
9.601567968379276158e-13
1.061093205186883797e-12
1.172640545587708807e-12
1.295914291444410882e-12
1.432147180215557027e-12
1.582701540788858594e-12
1.749082916770048615e-12
1.932955121918939109e-12
2.136156878287018926e-12
2.360720203437968791e-12
2.608890730623298425e-12
2.883150165114860877e-12
3.186241101257571602e-12
3.521194448412858113e-12
3.891359740052272990e-12
4.300438629092210533e-12
4.752521904423069551e-12
5.252130398798159063e-12
5.804260197161229898e-12
6.414432597495912693e-12
7.088749323805554503e-12
7.833953543353251364e-12
8.657497298334480190e-12
9.567616026299053333e-12
1.057341091452661633e-11
1.168493991189944591e-11
1.291331830839126908e-11
1.427082988796700407e-11
1.577104976642240867e-11
1.742898014254203539e-11
1.926120032008708409e-11
2.128603250083300213e-11
2.352372500658724787e-11
2.599665476240736690e-11
2.872955106585155763e-11
3.174974287995426380e-11
3.508743212285651177e-11
3.877599568698732402e-11
4.285231920798800608e-11
4.735716592106856233e-11
5.233558429335980510e-11
5.783735850858464295e-11
6.391750630889532807e-11
7.063682917229496143e-11
7.806252032741754505e-11
8.626883668581429869e-11
9.533784141106919364e-11
1.053602245504347745e-10
1.164362099353046892e-10
1.286765574195276648e-10
1.422036704779458849e-10
1.571528202411435639e-10
1.736734982067526789e-10
1.919309111544293139e-10
2.121076332136502334e-10
2.344054316050076295e-10
2.590472843124151143e-10
2.862796098629467063e-10
3.163747315121077622e-10
3.496336004763898803e-10
3.863888054454358791e-10
4.270078984689362071e-10
4.718970704771259154e-10
5.215052131900868156e-10
5.763284080349485622e-10
6.369148869601598389e-10
7.038705147549726510e-10
7.778648476973351792e-10
8.596378291166709796e-10
9.500071888271734939e-10
1.049876620425947698e-09
1.160244818228981372e-09
1.282215464214304672e-09
1.417008264841770974e-09
1.565971148117655055e-09
1.730593742874715497e-09
1.912522275060522975e-09
2.113576029996935659e-09
2.335765545233317455e-09
2.581312715922032430e-09
2.852673013769967667e-09
3.152560041755602230e-09
3.483972670158792641e-09
3.850225025263571090e-09
4.254979630620984679e-09
4.702284032284607900e-09
5.196611274271077588e-09
5.742904629000257350e-09
6.346627030019439817e-09
7.013815701338816591e-09
7.751142529671580837e-09
8.565980783301060675e-09
9.466478844763551138e-09
1.046164169467367609e-08
1.156142096153053654e-08
1.277681443800270187e-08
1.411997605885489387e-08
1.560433744029563402e-08
1.724474219613933015e-08
1.905759437394442024e-08
2.106102249548895202e-08
2.327506084198837395e-08
2.572184979690767667e-08
2.842585724979605454e-08
3.141412327518239176e-08
3.471653053332055231e-08
3.836610309679191467e-08
4.239933669123119843e-08
4.685656365258279338e-08
5.178235625046021216e-08
5.722597241084223035e-08
6.324184829533267084e-08
6.989014266277642573e-08
7.723733845684794859e-08
8.535690763548794577e-08
9.433004589048281526e-08
1.042464846043825069e-07
1.152053881643260291e-07
1.273163456059127972e-07
1.407004665035586839e-07
1.554915920662401496e-07
1.718376335495840122e-07
1.899020513684237055e-07
2.098654897009476437e-07
2.319275829304810481e-07
2.563089519893192391e-07
2.832534105680506093e-07
3.130304032524624818e-07
3.459376999693989305e-07
3.823043736860293579e-07
4.224940911395200746e-07
4.669087495044059545e-07
5.159924953643358711e-07
5.702361661779091772e-07
6.301821986532614830e-07
6.964300531151463771e-07
7.696422081081827477e-07
8.505507851823009108e-07
9.399648701082420671e-07
1.038778603735265576e-06
1.147980123399641642e-06
1.268661444298014067e-06
1.402029379639366554e-06
1.549417608777112778e-06
1.712300014002629982e-06
1.892305419368173393e-06
2.091233878927398432e-06
2.311074677275897404e-06
2.554026222397155181e-06
2.822518029742384298e-06
3.119235017385037462e-06
3.447144355201540542e-06
3.809525136570058922e-06
4.210001169304277777e-06
4.652577213731539545e-06
5.141679030296115726e-06
5.682197637163652904e-06
6.279538220402826763e-06
6.939674185846028025e-06
7.669206893147690043e-06
8.475431669380827486e-06
9.366410762307773324e-06
1.035105396285779573e-05
1.143920770303639720e-05
1.264175352024536065e-05
1.397071687265677847e-05
1.543938739379476280e-05
1.706245178887069537e-05
1.885614070183533195e-05
2.083839102181832083e-05
2.302902525201949255e-05
2.544994973474085678e-05
2.812537371480962992e-05
3.108205143202649615e-05
3.434954966356362652e-05
3.796054339173639492e-05
4.195114255382652313e-05
4.636125314145491305e-05
5.123497626049785522e-05
5.662104914214576869e-05
6.257333251521513592e-05
6.915134921343665342e-05
7.642087940379253352e-05
8.445461838818633504e-05
9.333290355646199827e-05
1.031445177603022704e-04
1.139875771417455595e-04
1.259705122946063014e-04
1.392131525704131008e-04
1.538479243719240359e-04
1.700211754171542086e-04
1.878946382165559118e-04
2.076470473981231724e-04
2.294759270536716566e-04
2.535995659797568450e-04
2.802592005656396050e-04
3.097214271571787129e-04
3.422808680202895802e-04
3.782631175636033769e-04
4.180279982825531532e-04
4.619731589843284318e-04
5.105380512759469724e-04
5.642083240803249296e-04
6.235206801255061730e-04
6.890682429719424077e-04
7.615064882480979949e-04
8.415597984067345761e-04
9.300287065494384836e-04
1.027797901757636660e-03
1.135845075983411097e-03
1.255250700969019664e-03
1.387208832964318414e-03
1.533039053289260304e-03
1.694199664147094707e-03
1.872302271646399986e-03
2.069127901862169178e-03
2.286644811096560145e-03
2.527028168441916404e-03
2.792681807471691924e-03
3.086262264576184085e-03
3.410705344326438009e-03
3.769255477519955870e-03
4.165498165488673230e-03
4.603395835112277651e-03
5.087327463087004502e-03
5.622132365692601372e-03
6.213158591955123683e-03
6.866316404137196711e-03
7.588137380360641428e-03
8.385839730387692134e-03
9.267400477718620161e-03
1.024163522982673297e-02
1.131828633423311373e-02
1.250812030198182427e-02
1.382303547275035190e-02
1.527618099824638344e-02
1.688208833372487755e-02
1.865681655254062057e-02
2.061811293688176755e-02
2.278559045059173199e-02
2.518092386880761355e-02
2.782806652571157002e-02
3.075348984787263859e-02
3.398644806851243427e-02
3.755927076983735236e-02
4.150768617886064354e-02
4.587117844967254082e-02
5.069338250498115622e-02
5.602252038533958589e-02
6.191188346955140559e-02
6.842036538845873428e-02
7.561305096125064962e-02
8.356186704365506368e-02
9.234630179649602755e-02
1.020541995673019536e-01
1.127826393337808958e-01
1.246389054935976293e-01
1.377415607083503357e-01
1.522216315301865297e-01
1.682239186673245845e-01
1.859084449911358738e-01
2.054520557648585322e-01
2.270501870962297608e-01
2.509188202985632721e-01
2.772966417038824072e-01
3.064474295262403225e-01
3.386626916438606472e-01
3.742645806779195672e-01
4.136091155187576751e-01
4.570897415147833209e-01
5.051412649259567900e-01
5.582442009863898269e-01
6.169295790566866611e-01
6.817842529175504040e-01
7.534567693075896466e-01
8.326638533907047002e-01
9.201975760077267807e-01
1.016933274384826058e+00
1.123838305505773461e+00
1.241981719681778618e+00
1.372544951054601503e+00
1.516833631937970273e+00
1.676290649140718791e+00
1.852510572834874303e+00
2.047255602257378460e+00
2.262473187702456201e+00
2.500315505024558682e+00
2.763160977396906581e+00
3.053638059543223537e+00
3.374651522284972227e+00
3.729411500249570910e+00
4.121465593216664836e+00
4.554734342115925649e+00
5.033550434436345533e+00
5.562702031101128597e+00
6.147480648076922627e+00
6.793734071533485519e+00
7.507924835705383160e+00
8.297194848234333620e+00
9.169436809245627984e+00
1.013337313834937703e+01
1.119864319883662063e+01
1.237589969131222922e+01
1.367691518070095924e+01
1.511469982189669814e+01
1.670363146131140297e+01
1.845959941533922333e+01
2.040016336352043425e+01
2.254472894533684979e+01
2.491474181660663234e+01
2.753390210604247912e+01
3.042840141653875108e+01
3.362718474120040923e+01
3.716223991327407106e+01
4.106891748448047252e+01
4.538628423053167182e+01
4.915751381888819083e+01
5.242031854543358804e+01
5.520732645743331801e+01
5.754640763400738024e+01
5.946095288692151826e+01
6.097010766870486975e+01
6.208896352717525957e+01
6.282870902091740817e+01
6.319674160486871983e+01
6.319674160486871983e+01
6.282870902091740817e+01
6.208896352717525957e+01
6.097010766870486975e+01
5.946095288692151826e+01
5.754640763400738024e+01
5.520732645743331801e+01
5.242031854543358804e+01
4.915751381888819083e+01
4.538628423053167182e+01
4.106891748448046542e+01
3.716223991327406395e+01
3.362718474120040923e+01
3.042840141653875108e+01
2.753390210604247912e+01
2.491474181660662879e+01
2.254472894533684624e+01
2.040016336352043425e+01
1.845959941533922333e+01
1.670363146131140297e+01
1.511469982189669814e+01
1.367691518070095746e+01
1.237589969131222745e+01
1.119864319883661885e+01
1.013337313834937525e+01
9.169436809245624431e+00
8.297194848234330067e+00
7.507924835705379607e+00
6.793734071533481966e+00
6.147480648076919074e+00
5.562702031101125932e+00
5.033550434436342869e+00
4.554734342115922985e+00
4.121465593216662171e+00
3.729411500249567801e+00
3.374651522284969563e+00
3.053638059543220873e+00
2.763160977396904361e+00
2.500315505024556462e+00
2.262473187702453981e+00
2.047255602257376239e+00
1.852510572834872304e+00
1.676290649140716793e+00
1.516833631937968274e+00
1.372544951054599505e+00
1.241981719681776619e+00
1.123838305505771462e+00
1.016933274384824060e+00
9.201975760077250044e-01
8.326638533907029238e-01
7.534567693075879813e-01
6.817842529175489608e-01
6.169295790566853288e-01
5.582442009863884946e-01
5.051412649259555687e-01
4.570897415147822107e-01
4.136091155187566759e-01
3.742645806779186235e-01
3.386626916438597590e-01
3.064474295262394898e-01
2.772966417038815745e-01
2.509188202985624949e-01
2.270501870962290669e-01
2.054520557648578938e-01
1.859084449911352910e-01
1.682239186673240294e-01
1.522216315301860023e-01
1.377415607083498361e-01
1.246389054935971713e-01
1.127826393337804656e-01
1.020541995673015651e-01
9.234630179649568060e-02
8.356186704365474449e-02
7.561305096125035818e-02
6.842036538845847060e-02
6.191188346955116273e-02
5.602252038533936385e-02
5.069338250498095499e-02
4.587117844967235347e-02
4.150768617886047701e-02
3.755927076983719970e-02
3.398644806851228856e-02
3.075348984787250675e-02
2.782806652571144859e-02
2.518092386880750252e-02
2.278559045059163138e-02
2.061811293688167734e-02
1.865681655254053731e-02
1.688208833372480122e-02
1.527618099824631405e-02
1.382303547275028771e-02
1.250812030198176356e-02
1.131828633423305822e-02
1.024163522982668266e-02
9.267400477718575058e-03
8.385839730387652236e-03
7.588137380360604999e-03
6.866316404137163751e-03
6.213158591955093325e-03
5.622132365692573616e-03
5.087327463086980216e-03
4.603395835112255099e-03
4.165498165488653280e-03
3.769255477519937655e-03
3.410705344326421095e-03
3.086262264576168472e-03
2.792681807471677612e-03
2.527028168441903828e-03
2.286644811096548435e-03
2.069127901862158336e-03
1.872302271646390228e-03
1.694199664147085600e-03
1.533039053289251847e-03
1.387208832964310825e-03
1.255250700969012725e-03
1.135845075983404591e-03
1.027797901757630588e-03
9.300287065494329541e-04
8.415597984067294804e-04
7.615064882480933328e-04
6.890682429719381793e-04
6.235206801255022699e-04
5.642083240803213518e-04
5.105380512759436114e-04
4.619731589843252876e-04
4.180279982825502259e-04
3.782631175636007206e-04
3.422808680202871407e-04
3.097214271571764902e-04
2.802592005656375450e-04
2.535995659797549476e-04
2.294759270536699490e-04
2.076470473981216274e-04
1.878946382165545023e-04
1.700211754171529076e-04
1.538479243719228433e-04
1.392131525704120166e-04
1.259705122946052714e-04
1.139875771417445973e-04
1.031445177603013759e-04
9.333290355646115801e-05
8.445461838818553544e-05
7.642087940379177458e-05
6.915134921343592158e-05
6.257333251521441763e-05
5.662104914214505718e-05
5.123497626049715726e-05
4.636125314145422187e-05
4.195114255382583195e-05
3.796054339173569018e-05
3.434954966356290823e-05
3.108205143202575076e-05
2.812537371480885404e-05
2.544994973474004702e-05
2.302902525201863874e-05
2.083839102181741281e-05
1.885614070183436295e-05
1.706245178886965522e-05
1.543938739379364472e-05
1.397071687265557060e-05
1.264175352024404944e-05
1.143920770303496910e-05
1.035105396285623888e-05
9.366410762306070787e-06
8.475431669378962320e-06
7.669206893145643611e-06
6.939674185843780000e-06
6.279538220400353427e-06
5.682197637160932234e-06
5.141679030293118924e-06
4.652577213728237811e-06
4.210001169300638923e-06
3.809525136566045680e-06
3.447144355197113101e-06
3.119235017380151352e-06
2.822518029736990816e-06
2.554026222391200116e-06
2.311074677269321464e-06
2.091233878920135971e-06
1.892305419360151568e-06
1.712300013993768535e-06
1.549417608767323195e-06
1.402029379628551002e-06
1.268661444286064338e-06
1.147980123386438304e-06
1.038778603720676704e-06
9.399648700921218655e-07
8.505507851644882314e-07
7.696422080884993960e-07
6.964300530933955239e-07
6.301821986292255467e-07
5.702361661513477063e-07
5.159924953349834267e-07
4.669087494719689336e-07
4.224940911036741167e-07
3.823043736464160092e-07
3.459376999256220972e-07
3.130304032040843538e-07
2.832534105145874778e-07
2.563089519302364146e-07
2.319275828651877516e-07
2.098654896287909187e-07
1.899020512886820121e-07
1.718376334614599220e-07
1.554915919688524306e-07
1.407004663959334336e-07
1.273163454869737807e-07
1.152053880328838667e-07
1.042464844591227887e-07
9.433004572995291934e-08
8.535690745808258597e-08
7.723733826079308058e-08
6.989014244611149911e-08
6.324184805589102827e-08
5.722597214622946850e-08
5.178235595803020011e-08
4.685656332941122929e-08
4.239933633408637367e-08
3.836610270210237437e-08
3.471653009713940087e-08
3.141412279314781979e-08
2.842585671708771665e-08
2.572184920819848670e-08
2.327506019139124446e-08
2.106102177649790898e-08
1.905759357936955351e-08
1.724474131803489497e-08
1.560433646988058211e-08
1.411997498642507810e-08
1.277681325283382157e-08
1.156141965177090339e-08
1.046164024722569408e-08
9.466477245152742414e-09
8.565979015531317217e-09
7.751140576065205920e-09
7.013813542359744714e-09
6.346624644077882278e-09
5.742901992236797358e-09
5.196608360318079940e-09
4.702280812002542751e-09
4.254976071807031667e-09
3.850221092329590479e-09
3.483968323775444508e-09
3.152555238459053107e-09
2.852667705527252622e-09
2.581306849650724104e-09
2.335759062270702761e-09
2.113568865513388388e-09
1.912514357411207609e-09
1.730584992883139403e-09
1.565961478283902371e-09
1.416997578467504339e-09
1.282203654435781370e-09
1.160231766948416011e-09
1.049862197130534867e-09
9.499912492839590950e-10
8.596202139302229282e-10
7.778453807157888036e-10
7.038490013085125608e-10
6.368911119143213877e-10
5.763021336392733790e-10
5.214761767006180574e-10
4.718649815289689341e-10
4.269724361726094949e-10
3.863496151779761351e-10
3.495902903351224839e-10
3.163268683956201269e-10
2.862267151400739381e-10
2.589888290359285041e-10
2.343408312221423102e-10
2.120362417205775498e-10
1.918520146362185506e-10
1.735863076982217196e-10
1.570564638372071066e-10
1.420971846145645721e-10
1.285588772380676576e-10
1.163061586339514175e-10
1.052165016161747119e-10
9.517900961455973400e-11
8.609330770909034325e-11
7.786853888071185891e-11
7.042245544114048993e-11
6.368059655598053231e-11
5.757554363638038169e-11
5.204624615314402636e-11
4.703741113143911381e-11
4.249895022104858982e-11
3.838547881286854920e-11
3.465586219281719227e-11
3.127280419469400048e-11
2.820247423851774629e-11
2.541416902472667617e-11
2.288000550118286766e-11
2.057464203265088754e-11
1.847502498444541569e-11
1.656015818608439524e-11
1.481089296958422014e-11
1.320973668277988843e-11
1.174067776280335186e-11
1.038902562045485065e-11
9.141263734310897139e-12
7.984914485510052163e-12
6.908414381564307578e-12
5.900998421434206030e-12
4.952592445518446315e-12
4.053712394057870393e-12
3.195369466537872908e-12
2.368980233683254565e-12
1.566280803165468666e-12
7.792441806793376779e-13
