3.538469469473586243e-18
4.246163363368303184e-17
8.180941413422929700e-17
1.219752887761178507e-16
1.633609163057675738e-16
2.063801529984749297e-16
2.514631912211670009e-16
2.990608613560706464e-16
3.496491401045349452e-16
4.037339102540445106e-16
4.618560195060944846e-16
5.245966889532053325e-16
5.925833252898480562e-16
6.664957948793891342e-16
7.470732224177240168e-16
8.351213821802359197e-16
9.315207557645498495e-16
1.037235336906509096e-15
1.153322271417533111e-15
1.280942428642732292e-15
1.421372010154358280e-15
1.576015311767527636e-15
1.746418766498371783e-15
1.934286408894199214e-15
2.141496915378968338e-15
2.370122391017526742e-15
2.622449090566259751e-15
2.901000281020655015e-15
3.208561474285256470e-15
3.548208282292709480e-15
3.923337173123088574e-15
4.337699435684697703e-15
4.795438692603152554e-15
5.301132336447637653e-15
5.859837303656598939e-15
6.477140643902125765e-15
7.159215390586673139e-15
7.912882291177085871e-15
8.745678014679268200e-15
9.665930518328241601e-15
1.068284232716049619e-14
1.180658255926435307e-14
1.304838861696085031e-14
1.442067856082695434e-14
1.593717529030132437e-14
1.761304377267870623e-14
1.946504269278287010e-14
2.151169203981486018e-14
2.377345830724499782e-14
2.627295915774757670e-14
2.903518959982762762e-14
3.208777193790593955e-14
3.546123199536330929e-14
3.918930437277430273e-14
4.330926979391303509e-14
4.786232791299088372e-14
5.289400931119862832e-14
5.845463080251833952e-14
6.459979860186322842e-14
7.139096438722672866e-14
7.889603981646247637e-14
8.719007564386282878e-14
9.635601222770177602e-14
1.064855089338177287e-13
1.176798607292718513e-13
1.300510111320186490e-13
1.437226716460856364e-13
1.588315588766134394e-13
1.755287616959073674e-13
1.939812521321603026e-13
2.143735550897348053e-13
2.369095935982065667e-13
2.618147280426603145e-13
2.893380097675406387e-13
3.197546715900963047e-13
3.533688801285528615e-13
3.905167774682948737e-13
4.315698425827197756e-13
4.769386061229718247e-13
5.270767557244535012e-13
5.824856728831795855e-13
6.437194467707372678e-13
7.113904151260021834e-13
7.861752876325269097e-13
8.688219130153767598e-13
9.601567575283801372e-13
1.061093169616667063e-12
1.172640513401120212e-12
1.295914262319584472e-12
1.432147153861244043e-12
1.582701516941515780e-12
1.749082895191202385e-12
1.932955102392800740e-12
2.136156860618326739e-12
2.360720187450035311e-12
2.608890716156243938e-12
2.883150152024014805e-12
3.186241089412024941e-12
3.521194437694154800e-12
3.891359730353225687e-12
4.300438620315828273e-12
4.752521896481588794e-12
5.252130391612164008e-12
5.804260190658858422e-12
6.414432591612139030e-12
7.088749318481538968e-12
7.833953538535753092e-12
8.657497293975323988e-12
9.567616022354645813e-12
1.057341091095751293e-11
1.168493990866995185e-11
1.291331830546908716e-11
1.427082988532291154e-11
1.577104976402996323e-11
1.742898014037731019e-11
1.926120031812842702e-11
2.128603249906082583e-11
2.352372500498382934e-11
2.599665476095666336e-11
2.872955106453905787e-11
3.174974287876683957e-11
3.508743212178228204e-11
3.877599568601553544e-11
4.285231920710893928e-11
4.735716592027342204e-11
5.233558429264062326e-11
5.783735850793422050e-11
6.391750630830715096e-11
7.063682917176314892e-11
7.806252032693675924e-11
8.626883668537971868e-11
9.533784141067646380e-11
1.053602245500799527e-10
1.164362099349842084e-10
1.286765574192382808e-10
1.422036704776847026e-10
1.571528202409079209e-10
1.736734982065401710e-10
1.919309111542377957e-10
2.121076332134777921e-10
2.344054316048524815e-10
2.590472843122756310e-10
2.862796098628214918e-10
3.163747315119955242e-10
3.496336004762894812e-10
3.863888054453461817e-10
4.270078984688563325e-10
4.718970704770548813e-10
5.215052131900238465e-10
5.763284080348929343e-10
6.369148869601108285e-10
7.038705147549297410e-10
7.778648476972978527e-10
8.596378291166387195e-10
9.500071888271457833e-10
1.049876620425924123e-09
1.160244818228961520e-09
1.282215464214288542e-09
1.417008264841758359e-09
1.565971148117645336e-09
1.730593742874708259e-09
1.912522275060518012e-09
2.113576029996932764e-09
2.335765545233316214e-09
2.581312715922032017e-09
2.852673013769967667e-09
3.152560041755602230e-09
3.483972670158792641e-09
3.850225025263571090e-09
4.254979630620984679e-09
4.702284032284607900e-09
5.196611274271077588e-09
5.742904629000257350e-09
6.346627030019439817e-09
7.013815701338816591e-09
7.751142529671580837e-09
8.565980783301060675e-09
9.466478844763551138e-09
1.046164169467367609e-08
1.156142096153053654e-08
1.277681443800270187e-08
1.411997605885489387e-08
1.560433744029563402e-08
1.724474219613933015e-08
1.905759437394442024e-08
2.106102249548895202e-08
2.327506084198837395e-08
2.572184979690767667e-08
2.842585724979605454e-08
3.141412327518239176e-08
3.471653053332055231e-08
3.836610309679191467e-08
4.239933669123119843e-08
4.685656365258279338e-08
5.178235625046021216e-08
5.722597241084223035e-08
6.324184829533267084e-08
6.989014266277642573e-08
7.723733845684794859e-08
8.535690763548794577e-08
9.433004589048281526e-08
1.042464846043825069e-07
1.152053881643260291e-07
1.273163456059127972e-07
1.407004665035586839e-07
1.554915920662401496e-07
1.718376335495840122e-07
1.899020513684237055e-07
2.098654897009476437e-07
2.319275829304810481e-07
2.563089519893192391e-07
2.832534105680506093e-07
3.130304032524624818e-07
3.459376999693989305e-07
3.823043736860293579e-07
4.224940911395200746e-07
4.669087495044059545e-07
5.159924953643358711e-07
5.702361661779091772e-07
6.301821986532614830e-07
6.964300531151463771e-07
7.696422081081827477e-07
8.505507851823009108e-07
9.399648701082420671e-07
1.038778603735265576e-06
1.147980123399641642e-06
1.268661444298014067e-06
1.402029379639366554e-06
1.549417608777112778e-06
1.712300014002629982e-06
1.892305419368173393e-06
2.091233878927398432e-06
2.311074677275897404e-06
2.554026222397155181e-06
2.822518029742384298e-06
3.119235017385037462e-06
3.447144355201540542e-06
3.809525136570058922e-06
4.210001169304277777e-06
4.652577213731539545e-06
5.141679030296115726e-06
5.682197637163652904e-06
6.279538220402826763e-06
6.939674185846028025e-06
7.669206893147690043e-06
8.475431669380827486e-06
9.366410762307773324e-06
1.035105396285779573e-05
1.143920770303639720e-05
1.264175352024536065e-05
1.397071687265677847e-05
1.543938739379476280e-05
1.706245178887069537e-05
1.885614070183533195e-05
2.083839102181832083e-05
2.302902525201949255e-05
2.544994973474085678e-05
2.812537371480962992e-05
3.108205143202649615e-05
3.434954966356362652e-05
3.796054339173639492e-05
4.195114255382652313e-05
4.636125314145491305e-05
5.123497626049785522e-05
5.662104914214576869e-05
6.257333251521513592e-05
6.915134921343665342e-05
7.642087940379253352e-05
8.445461838818633504e-05
9.333290355646199827e-05
1.031445177603022704e-04
1.139875771417455595e-04
1.259705122946063014e-04
1.392131525704131008e-04
1.538479243719240359e-04
1.700211754171542086e-04
1.878946382165559118e-04
2.076470473981231724e-04
2.294759270536716566e-04
2.535995659797568450e-04
2.802592005656396050e-04
3.097214271571787129e-04
3.422808680202895802e-04
3.782631175636033769e-04
4.180279982825531532e-04
4.619731589843284318e-04
5.105380512759469724e-04
5.642083240803249296e-04
6.235206801255061730e-04
6.890682429719424077e-04
7.615064882480979949e-04
8.415597984067345761e-04
9.300287065494384836e-04
1.027797901757636660e-03
1.135845075983411097e-03
1.255250700969019664e-03
1.387208832964318414e-03
1.533039053289260304e-03
1.694199664147094707e-03
1.872302271646399986e-03
2.069127901862169178e-03
2.286644811096560145e-03
2.527028168441916404e-03
2.792681807471691924e-03
3.086262264576184085e-03
3.410705344326438009e-03
3.769255477519955870e-03
4.165498165488673230e-03
4.603395835112277651e-03
5.087327463087004502e-03
5.622132365692601372e-03
6.213158591955123683e-03
6.866316404137196711e-03
7.588137380360641428e-03
8.385839730387692134e-03
9.267400477718620161e-03
1.024163522982673297e-02
1.131828633423311373e-02
1.250812030198182427e-02
1.382303547275035190e-02
1.527618099824638344e-02
1.688208833372487755e-02
1.865681655254062057e-02
2.061811293688176755e-02
2.278559045059173199e-02
2.518092386880761355e-02
2.782806652571157002e-02
3.075348984787263859e-02
3.398644806851243427e-02
3.755927076983735236e-02
4.150768617886064354e-02
4.587117844967254082e-02
5.069338250498115622e-02
5.602252038533958589e-02
6.191188346955140559e-02
6.842036538845873428e-02
7.561305096125064962e-02
8.356186704365506368e-02
9.234630179649602755e-02
1.020541995673019536e-01
1.127826393337808958e-01
1.246389054935976293e-01
1.377415607083503357e-01
1.522216315301865297e-01
1.682239186673245845e-01
1.859084449911358738e-01
2.054520557648585322e-01
2.270501870962297608e-01
2.509188202985632721e-01
2.772966417038824072e-01
3.064474295262403225e-01
3.386626916438606472e-01
3.742645806779195672e-01
4.136091155187576751e-01
4.570897415147833209e-01
5.051412649259567900e-01
5.582442009863898269e-01
6.169295790566866611e-01
6.817842529175504040e-01
7.534567693075896466e-01
8.326638533907047002e-01
9.201975760077267807e-01
1.016933274384826058e+00
1.123838305505773461e+00
1.241981719681778618e+00
1.372544951054601503e+00
1.516833631937970273e+00
1.676290649140718791e+00
1.852510572834874303e+00
2.047255602257378460e+00
2.262473187702456201e+00
2.500315505024558682e+00
2.763160977396906581e+00
3.053638059543223537e+00
3.374651522284972227e+00
3.729411500249570910e+00
4.121465593216664836e+00
4.554734342115925649e+00
5.033550434436345533e+00
5.562702031101128597e+00
6.147480648076922627e+00
6.793734071533485519e+00
7.507924835705383160e+00
8.297194848234333620e+00
9.169436809245627984e+00
1.013337313834937703e+01
1.119864319883662063e+01
1.237589969131222922e+01
1.367691518070095924e+01
1.511469982189669814e+01
1.670363146131140297e+01
1.845959941533922333e+01
2.040016336352043425e+01
2.254472894533684979e+01
2.491474181660663234e+01
2.753390210604247912e+01
3.042840141653875108e+01
3.362718474120040923e+01
3.716223991327407106e+01
4.106891748448047252e+01
4.538628423053167182e+01
4.915751381888819083e+01
5.242031854543358804e+01
5.520732645743331801e+01
5.754640763400738024e+01
5.946095288692151826e+01
6.097010766870486975e+01
6.208896352717525957e+01
6.282870902091740817e+01
6.319674160486871983e+01
6.319674160486871983e+01
6.282870902091740817e+01
6.208896352717525957e+01
6.097010766870486975e+01
5.946095288692151826e+01
5.754640763400738024e+01
5.520732645743331801e+01
5.242031854543358804e+01
4.915751381888819083e+01
4.538628423053167182e+01
4.106891748448046542e+01
3.716223991327406395e+01
3.362718474120040923e+01
3.042840141653875108e+01
2.753390210604247912e+01
2.491474181660662879e+01
2.254472894533684624e+01
2.040016336352043425e+01
1.845959941533922333e+01
1.670363146131140297e+01
1.511469982189669814e+01
1.367691518070095746e+01
1.237589969131222745e+01
1.119864319883661885e+01
1.013337313834937525e+01
9.169436809245624431e+00
8.297194848234330067e+00
7.507924835705379607e+00
6.793734071533481966e+00
6.147480648076919074e+00
5.562702031101125932e+00
5.033550434436342869e+00
4.554734342115922985e+00
4.121465593216662171e+00
3.729411500249567801e+00
3.374651522284969563e+00
3.053638059543220873e+00
2.763160977396904361e+00
2.500315505024556462e+00
2.262473187702453981e+00
2.047255602257376239e+00
1.852510572834872304e+00
1.676290649140716793e+00
1.516833631937968274e+00
1.372544951054599505e+00
1.241981719681776619e+00
1.123838305505771462e+00
1.016933274384824060e+00
9.201975760077250044e-01
8.326638533907029238e-01
7.534567693075879813e-01
6.817842529175489608e-01
6.169295790566853288e-01
5.582442009863884946e-01
5.051412649259555687e-01
4.570897415147822107e-01
4.136091155187566759e-01
3.742645806779186235e-01
3.386626916438597590e-01
3.064474295262394898e-01
2.772966417038815745e-01
2.509188202985624949e-01
2.270501870962290669e-01
2.054520557648578938e-01
1.859084449911352910e-01
1.682239186673240294e-01
1.522216315301860023e-01
1.377415607083498361e-01
1.246389054935971713e-01
1.127826393337804656e-01
1.020541995673015651e-01
9.234630179649568060e-02
8.356186704365474449e-02
7.561305096125035818e-02
6.842036538845847060e-02
6.191188346955116273e-02
5.602252038533936385e-02
5.069338250498095499e-02
4.587117844967235347e-02
4.150768617886047701e-02
3.755927076983719970e-02
3.398644806851228856e-02
3.075348984787250675e-02
2.782806652571144859e-02
2.518092386880750252e-02
2.278559045059163138e-02
2.061811293688167734e-02
1.865681655254053731e-02
1.688208833372480122e-02
1.527618099824631405e-02
1.382303547275028771e-02
1.250812030198176356e-02
1.131828633423305822e-02
1.024163522982668266e-02
9.267400477718575058e-03
8.385839730387652236e-03
7.588137380360604999e-03
6.866316404137163751e-03
6.213158591955093325e-03
5.622132365692573616e-03
5.087327463086980216e-03
4.603395835112255099e-03
4.165498165488653280e-03
3.769255477519937655e-03
3.410705344326421095e-03
3.086262264576168472e-03
2.792681807471677612e-03
2.527028168441903828e-03
2.286644811096548435e-03
2.069127901862158336e-03
1.872302271646390228e-03
1.694199664147085600e-03
1.533039053289251847e-03
1.387208832964310825e-03
1.255250700969012725e-03
1.135845075983404591e-03
1.027797901757630588e-03
9.300287065494329541e-04
8.415597984067294804e-04
7.615064882480933328e-04
6.890682429719381793e-04
6.235206801255023783e-04
5.642083240803214602e-04
5.105380512759437198e-04
4.619731589843253960e-04
4.180279982825503343e-04
3.782631175636008290e-04
3.422808680202872491e-04
3.097214271571765987e-04
2.802592005656376535e-04
2.535995659797550560e-04
2.294759270536700574e-04
2.076470473981217087e-04
1.878946382165546107e-04
1.700211754171530160e-04
1.538479243719229517e-04
1.392131525704120979e-04
1.259705122946053798e-04
1.139875771417447192e-04
1.031445177603015114e-04
9.333290355646130709e-05
8.445461838818569807e-05
7.642087940379195077e-05
6.915134921343612487e-05
6.257333251521464803e-05
5.662104914214532146e-05
5.123497626049745542e-05
4.636125314145455391e-05
4.195114255382619787e-05
3.796054339173609676e-05
3.434954966356335547e-05
3.108205143202624543e-05
2.812537371480939614e-05
2.544994973474064333e-05
2.302902525201929604e-05
2.083839102181814126e-05
1.885614070183516593e-05
1.706245178887054291e-05
1.543938739379462728e-05
1.397071687265665311e-05
1.264175352024524715e-05
1.143920770303629386e-05
1.035105396285770255e-05
9.366410762307688620e-06
8.475431669380749559e-06
7.669206893147617198e-06
6.939674185845962804e-06
6.279538220402766623e-06
5.682197637163597847e-06
5.141679030296065751e-06
4.652577213731493805e-06
4.210001169304236272e-06
3.809525136570020806e-06
3.447144355201505814e-06
3.119235017385005698e-06
2.822518029742355499e-06
2.554026222397128500e-06
2.311074677275873264e-06
2.091233878927376409e-06
1.892305419368153488e-06
1.712300014002611983e-06
1.549417608777096261e-06
1.402029379639351731e-06
1.268661444298000514e-06
1.147980123399629360e-06
1.038778603735254353e-06
9.399648701082319027e-07
8.505507851822916993e-07
7.696422081081743832e-07
6.964300531151388597e-07
6.301821986532546008e-07
5.702361661779028245e-07
5.159924953643301537e-07
4.669087495044007664e-07
4.224940911395153100e-07
3.823043736860250168e-07
3.459376999693949600e-07
3.130304032524588819e-07
2.832534105680473270e-07
2.563089519893162215e-07
2.319275829304782688e-07
2.098654897009451291e-07
1.899020513684214291e-07
1.718376335495819476e-07
1.554915920662382702e-07
1.407004665035569899e-07
1.273163456059112355e-07
1.152053881643246130e-07
1.042464846043812232e-07
9.433004589048163736e-08
8.535690763548687374e-08
7.723733845684696921e-08
6.989014266277553900e-08
6.324184829533186351e-08
5.722597241084150243e-08
5.178235625045955042e-08
4.685656365258219119e-08
4.239933669123064918e-08
3.836610309679141836e-08
3.471653053332010232e-08
3.141412327518198148e-08
2.842585724979568396e-08
2.572184979690733587e-08
2.327506084198806624e-08
2.106102249548867078e-08
1.905759437394416547e-08
1.724474219613910185e-08
1.560433744029542557e-08
1.411997605885470196e-08
1.277681443800252817e-08
1.156142096153037772e-08
1.046164169467353050e-08
9.466478844763418789e-09
8.565980783300941561e-09
7.751142529671473303e-09
7.013815701338718984e-09
6.346627030019352136e-09
5.742904629000177940e-09
5.196611274271005623e-09
4.702284032284542552e-09
4.254979630620925122e-09
3.850225025263517323e-09
3.483972670158743423e-09
3.152560041755557148e-09
2.852673013769926722e-09
2.581312715921995207e-09
2.335765545233283541e-09
2.113576029996904640e-09
1.912522275060494851e-09
1.730593742874690061e-09
1.565971148117631687e-09
1.417008264841749674e-09
1.282215464214285234e-09
1.160244818228963588e-09
1.049876620425931568e-09
9.500071888271590182e-10
8.596378291166577447e-10
7.778648476973231851e-10
7.038705147549617942e-10
6.369148869601500162e-10
5.763284080349396700e-10
5.215052131900786472e-10
4.718970704771184708e-10
4.270078984689294863e-10
3.863888054454297269e-10
3.496336004763842968e-10
3.163747315121026958e-10
2.862796098629421051e-10
2.590472843124109267e-10
2.344054316050038555e-10
2.121076332136467696e-10
1.919309111544261602e-10
1.736734982067498096e-10
1.571528202411409532e-10
1.422036704779435068e-10
1.286765574195254934e-10
1.164362099353027246e-10
1.053602245504329650e-10
9.533784141106755221e-11
8.626883668581279943e-11
7.806252032741618796e-11
7.063682917229373358e-11
6.391750630889421655e-11
5.783735850858364129e-11
5.233558429335889391e-11
4.735716592106773515e-11
4.285231920798725645e-11
3.877599568698664547e-11
3.508743212285589785e-11
3.174974287995370804e-11
2.872955106585105680e-11
2.599665476240691454e-11
2.352372500658683752e-11
2.128603250083262732e-11
1.926120032008674481e-11
1.742898014254172843e-11
1.577104976642213079e-11
1.427082988796675042e-11
1.291331830839103643e-11
1.168493991189923427e-11
1.057341091452642408e-11
9.567616026298877234e-12
8.657497298334320247e-12
7.833953543353105961e-12
7.088749323805422832e-12
6.414432597495793140e-12
5.804260197161121654e-12
5.252130398798060512e-12
4.752521904422979886e-12
4.300438629092128946e-12
3.891359740052199481e-12
3.521194448412791470e-12
3.186241101257511422e-12
2.883150165114805947e-12
2.608890730623248745e-12
2.360720203437923959e-12
2.136156878286978133e-12
1.932955121918901951e-12
1.749082916770014688e-12
1.582701540788827696e-12
1.432147180215528956e-12
1.295914291444385638e-12
1.172640545587685785e-12
1.061093205186862996e-12
9.601567968379086326e-13
8.688219564573332911e-13
7.861753356413314471e-13
7.113904681817428014e-13
6.437195054039715696e-13
5.824857376802399878e-13
5.270768273333109069e-13
4.769386852597148341e-13
4.315699300387159278e-13
3.905168741181041965e-13
3.533689869386734480e-13
3.197547896286294123e-13
2.893381402148716890e-13
2.618148722032626754e-13
2.369097529136862578e-13
2.143737311532466593e-13
1.939814467043395984e-13
1.755289767224758926e-13
1.588317965078369404e-13
1.437229342582763490e-13
1.300513013512985150e-13
1.176801814578336606e-13
1.064858633789471351e-13
9.635640393385009686e-14
8.719050852809155017e-14
7.889651820761390786e-14
7.139149306921241095e-14
6.460038286150304609e-14
5.845527648240870413e-14
5.289472286813844529e-14
4.786311648254956498e-14
4.331014126178618018e-14
3.919026745364065833e-14
3.546229632003153340e-14
3.208894814962272299e-14
2.903648946071013842e-14
2.627439566640465946e-14
2.377504582876322507e-14
2.151344644940942164e-14
1.946698153454971145e-14
1.761518643503549680e-14
1.593954319987163939e-14
1.442329539670649619e-14
1.305128054750841916e-14
1.180977850378542425e-14
1.068637424510028331e-14
9.669833728866146267e-15
8.749991549920667939e-15
7.917649286474397316e-15
7.164483515892870019e-15
6.482962580470271801e-15
5.866271270852374794e-15
5.308242673943002079e-15
4.803296503773059796e-15
4.346383298640846729e-15
3.932933926495042754e-15
3.558813893614189143e-15
3.220281999669477115e-15
2.913952925721459658e-15
2.636763381030656690e-15
2.385941470150160073e-15
2.158978973971165257e-15
1.953606267531881901e-15
1.767769623767917395e-15
1.599610676241632010e-15
1.447447835477762837e-15
1.309759473068671193e-15
1.185168705390266179e-15
1.072429624765763751e-15
9.704148403889189196e-16
8.781042044159633206e-16
7.945746104871672346e-16
7.189907626632428672e-16
6.505968224659508319e-16
5.887088504933183729e-16
5.327079670256190898e-16
4.820341632281760103e-16
4.361807010630145658e-16
3.946890459084833138e-16
3.571442812130368766e-16
3.231709593297208220e-16
2.924293470397019002e-16
2.646120282200800285e-16
2.394408296826589580e-16
2.166640394420644841e-16
1.960538895958906091e-16
1.774042786456756372e-16
1.605287104819174225e-16
1.452584294229783521e-16
1.314407326582690779e-16
1.189374432201425000e-16
1.076235282142173258e-16
9.738584849043432824e-17
8.812202725155567312e-17
7.973942628519257127e-17
7.215421958168138811e-17
6.529055507398702574e-17
5.907979611703251747e-17
5.345983512124834892e-17
4.837447247667665530e-17
4.377285455687173193e-17
3.960896518263551700e-17
3.584116546022565539e-17
3.243177739241804449e-17
2.934670709853462123e-17
2.655510387563654296e-17
2.402905169149483157e-17
2.174329002426806618e-17
1.967496125728397926e-17
1.780338210287272973e-17
1.610983676949020818e-17
1.457738980380258859e-17
1.319071673615299294e-17
1.193595083586492653e-17
1.080054444393551013e-17
9.773143496445448582e-18
8.843473983919840390e-18
8.002239211233430864e-18
7.241026830659354953e-18
6.552224718391873039e-18
5.928944853308308376e-18
5.364954436757827251e-18
4.854613564574924106e-18
4.392818828037769932e-18
3.974952279780994313e-18
3.596835254322028044e-18
3.254686581406281700e-18
2.945084774304597993e-18
2.664933814945960428e-18
2.411432193736782189e-18
2.182044894464972076e-18
1.974478044137811234e-18
1.786655974252028604e-18
1.616700464108766280e-18
1.462911958606591146e-18
1.323752572690482049e-18
1.197830712501277800e-18
1.083887159437086292e-18
9.807824779672656061e-19
8.874856212771176978e-19
8.030636207997409512e-19
7.266722565303614234e-19
6.575476148262854906e-19
5.949984492704724300e-19
5.383992682073640590e-19
4.871840798263293354e-19
4.408407322435578464e-19
3.989057919832218521e-19
3.609599096427181143e-19
3.266236263986415567e-19
2.955535794185513767e-19
2.674390682326467239e-19
2.419989477290685325e-19
2.189788167027809755e-19
1.981484738435212311e-19
1.792996157226967264e-19
1.622437537590991697e-19
1.468103293330926168e-19
1.328450082004169800e-19
1.202081371497454724e-19
1.087733474705714493e-19
9.842629126610311098e-20
8.906349797429582330e-20
8.059133966223148820e-20
7.292509474678945774e-20
6.598810077881531548e-20
5.971098781862933144e-20
5.403098473662963625e-20
4.889129150199624050e-20
4.424051118238279999e-20
4.003213597459318410e-20
3.622408212654949910e-20
3.277826909977130921e-20
2.966023876399082898e-20
2.683881081585025704e-20
2.428577097586818797e-20
2.197558884564480114e-20
1.988516260387785787e-20
1.799358798814969525e-20
1.628194925230302841e-20
1.473313000897939138e-20
1.333164206574554919e-20
1.206347054316916225e-20
1.091593372602446456e-20
9.877556246140011005e-21
8.937954328716958580e-21
8.087731954581074568e-21
7.318386899991001136e-21
6.622225714400836798e-21
5.992286785954681151e-21
5.422270725368071743e-21
4.906477372035142873e-21
4.439748792422565326e-21
4.017417700734213831e-21
3.635260786053203842e-21
3.289456479232726284e-21
2.976546737204576194e-21
2.693402462548471720e-21
2.437192212517851873e-21
2.205353884612410477e-21
1.995569095553092938e-21
1.805739997449306290e-21
1.633968299320012701e-21
1.478536284183918841e-21
1.337889631889664415e-21
1.210621875914306502e-21
1.095460338698091663e-21
9.912534048688577075e-22
8.969590050883122873e-22
8.116341953586500313e-22
7.344257275825742287e-22
6.645615170823240649e-22
6.013429217528971737e-22
5.441377556409992618e-22
4.923739670855112466e-22
4.455339182008783081e-22
4.031492084982541687e-22
3.647959908806125460e-22
3.300907331717770276e-22
2.986863827946592730e-22
2.702688962454880838e-22
2.445540986587717923e-22
2.212848420586432315e-22
2.002284338791010691e-22
1.811743100383499076e-22
1.639319292979822437e-22
1.483288678505943865e-22
1.342090950817124687e-22
1.214314132636476756e-22
1.098680455782193395e-22
9.940335834857321963e-23
8.993270470241281065e-23
8.136137810327654024e-23
7.360366528517302477e-23
6.658198911992123990e-23
6.022613284586866237e-23
5.447253790027476371e-23
4.926366833368362374e-23
4.454743545042930977e-23
4.027667692167928867e-23
3.640868516214606146e-23
3.290478025423429151e-23
2.972992314886486435e-23
2.685236527498408772e-23
2.424333105385314604e-23
2.187673014326074057e-23
1.972889653410093646e-23
1.777835189028214271e-23
1.600559076536617191e-23
1.439288554810385942e-23
1.292410918632258553e-23
1.158457391640453916e-23
1.036088438565053663e-23
9.240803698753039235e-24
8.213131048843072320e-24
7.267589709421535525e-24
6.394724267094213631e-24
5.585806067437832917e-24
4.832745928455830974e-24
4.128013248758387238e-24
3.464560701548527469e-24
2.835753761354152975e-24
2.235304358773319783e-24
1.657207999780219763e-24
1.095683720784922242e-24
5.451162789974737711e-25
