3.260336427695725441e-93
7.467640021546379617e-93
1.595150522618551662e-92
2.904984490011041271e-92
5.865621771874333838e-92
1.051363900586337063e-91
2.108370555434765273e-91
3.768343245185453581e-91
7.531922891082417426e-91
1.343679739055732532e-90
2.677521270936122396e-90
4.768056713999760092e-90
9.472710199248199456e-90
1.683852864334795183e-89
3.335327967750140367e-89
5.918211091461999858e-89
1.168777026546467621e-88
2.070170108423189587e-88
4.076234985173548521e-88
7.207032305634766085e-88
1.414903165172959812e-87
2.497165301692709363e-87
4.888095422934933740e-87
8.611602830108721718e-87
1.680751590426696620e-86
2.955779377613828987e-86
5.752063717716586675e-86
1.009756745413155960e-85
1.959320616793783648e-85
3.433393624625848153e-85
6.642847916683986371e-85
1.161977803588373632e-84
2.241689042500545424e-84
3.914215620792350687e-84
7.529634951025684080e-84
1.312410122649727661e-83
2.517417003714697167e-83
4.380034207106270176e-83
8.377689155769513643e-83
1.455035839918493033e-82
2.775148824527278775e-82
4.811308999247384024e-82
9.150531976526246960e-82
1.583620998613008649e-81
3.003374377499510550e-81
5.188510868098859050e-81
9.812522358612279323e-81
1.692164896393800202e-80
3.191279661628148779e-80
5.493587679214392852e-80
1.033158626416878960e-79
1.775365540233376320e-79
3.329599262634330170e-79
5.711402130841480296e-79
1.068180365024975049e-78
1.829050783604601355e-78
3.411376756328229716e-78
5.830981542920815882e-78
1.084556107768521198e-77
1.850526115596188211e-77
3.432545806121882052e-77
5.846435376248609158e-77
1.081502024906503846e-76
1.838798627329230497e-76
3.392264249458603969e-76
5.757433547513736245e-76
1.059273205094374632e-75
1.794651274477619299e-75
3.292963112950805664e-75
5.569191838896585505e-75
1.019133022054740865e-74
1.720559964171340404e-74
3.140107656459343396e-74
5.291971575839683815e-74
9.632352143509488332e-74
1.620465316513954360e-73
2.941702671104489883e-73
4.940159651666671150e-73
8.944338690270722856e-73
1.499428157729728760e-72
2.707603894557268568e-72
4.531042836876348304e-72
8.160444587151039157e-72
1.363210316287925107e-71
2.448717230795878575e-71
4.083420271382608229e-71
7.315834652458279836e-71
1.217828451782941121e-70
2.176175020288325611e-70
3.616206636445788640e-70
6.445145019162670261e-70
1.069127955226249250e-69
1.900573663592756636e-69
3.147166084098389487e-69
5.580254901515989399e-69
9.224171004016646625e-69
1.631341306068311533e-68
2.691887349207312457e-68
4.748552128127484599e-68
7.821902290615456081e-68
1.376281452353875890e-67
2.263069794921922988e-67
3.971796908202166761e-67
6.519550063325293429e-67
1.141312487938377369e-66
1.870145710453216293e-66
3.265606610267218658e-66
5.341649796376815910e-66
9.303982801099080470e-66
1.519222895447641882e-65
2.639511827540789371e-65
4.302467965708929123e-65
7.456446827748226274e-65
1.213298820227529556e-64
2.097479516848792185e-64
3.407028579603771569e-64
5.875230175271877080e-64
9.526766319806881948e-64
1.638767092466483426e-63
2.652655303588630723e-63
4.551751931125788517e-63
7.355047941351131556e-63
1.258962291173008882e-62
2.030782259196043872e-62
3.467555364806587550e-62
5.583649339059108626e-62
9.510741179974717336e-62
1.528810180595812762e-61
2.597701870134740857e-61
4.168438103508444419e-61
7.065646693982661358e-61
1.131829972745891483e-60
1.913840988326777264e-60
3.060417826295871984e-60
5.162436724165405924e-60
8.240917870911775640e-60
1.386762839009655210e-59
2.209883538690547233e-59
3.709811102517829157e-59
5.901544806128161266e-59
9.883416669176422896e-59
1.569524541028884967e-58
2.622235280137937578e-58
4.157000991634775595e-58
6.928655412823703343e-58
1.096491508791369530e-57
1.823234432119875820e-57
2.880361740500415240e-57
4.778105951692776055e-57
7.535444507806914565e-57
1.247073904161160388e-56
1.963334249843981848e-56
3.241568338109705460e-56
5.094558509839683266e-56
8.391665132298501735e-56
1.316585927170740968e-55
2.163587470488124861e-55
3.388641158614326307e-55
5.555683211751239001e-55
8.686384050428071082e-55
1.420824792669842835e-54
2.217649347931953211e-54
3.618986199486443509e-54
5.638848715847474352e-54
9.180788125941999864e-54
1.428022382386748297e-53
2.319652392647744348e-53
3.601885143478928781e-53
5.837394016448442523e-53
9.048534100283826080e-53
1.463091510166998217e-52
2.264036083061544658e-52
3.652443962401175198e-52
5.642199226977973022e-52
9.081517191229618767e-52
1.400479103479540133e-51
2.249050468321051575e-51
3.462351527295120078e-51
5.547650383954940896e-51
8.525800026865182049e-51
1.362985342329950395e-50
2.091085110721755130e-50
3.335405299157529169e-50
5.108389109520496980e-50
8.129886080205576708e-50
1.243011118091688309e-49
1.973793856451083114e-49
3.012644650481678040e-49
4.773134412938832801e-49
7.272868041445546019e-49
1.149722704575528028e-48
1.748845501590739902e-48
2.758500950749797180e-48
4.188785606543404883e-48
6.592448586918412090e-48
9.993526521676476219e-48
1.569339576524172607e-47
2.374905501004488074e-47
3.721230963740523588e-47
5.621779219358484552e-47
8.789391136288457486e-47
1.325574283369704561e-46
2.067932456527894210e-46
3.113437214834370218e-46
4.846432958682038953e-46
7.284249645507929226e-46
1.131408046432168681e-45
1.697622372330811725e-45
2.631057780056370438e-45
3.941048623685333404e-45
6.094785643007881757e-45
9.113806208215486632e-45
1.406391574686925925e-44
2.099461535435173678e-44
3.232783882386486091e-44
4.817691839009469032e-44
7.402399068779514082e-44
1.101275264399227240e-43
1.688482319139375892e-43
2.507733141645338146e-43
3.836644141893292655e-43
5.688504429884691006e-43
8.684408893938115555e-43
1.285431657869180976e-42
1.958238109044580427e-42
2.893588307431253870e-42
4.398756848599569391e-42
6.488795417960082438e-42
9.843201040991451687e-42
1.449551777392149948e-41
2.194256530586943818e-41
3.225881411214927220e-41
4.872880684851696637e-41
7.151724344232416582e-41
1.078038234140862258e-40
1.579514125634943980e-40
2.375938633565520007e-40
3.475276003011320577e-40
5.216648687188778555e-40
7.617470412938421824e-40
1.141053243491760478e-39
1.663376537334343426e-39
2.486456107182199930e-39
3.618522748733229245e-39
5.397825719921028188e-39
7.842158050456232139e-39
1.167408056922342345e-38
1.693191250140761233e-38
2.515329364437063698e-38
3.642043780953645626e-38
5.399306098150895112e-38
7.804688939199581621e-38
1.154661023068196678e-37
1.666248918551035174e-37
2.460067780850061487e-37
3.544055798587738357e-37
5.221775314299612340e-37
7.510003523141696545e-37
1.104257472796739372e-36
1.585481464082266268e-36
2.326516182417507156e-36
3.334771974985339307e-36
4.883462618202119224e-36
6.988075018499027105e-36
1.021264415943360181e-35
1.458941573241315388e-35
2.127842831980536930e-35
3.034657204747998629e-35
4.417070883309904872e-35
6.288908004451019254e-35
9.135348425745293476e-35
1.298485655140392468e-34
1.882410031954969358e-34
2.671147216786050778e-34
3.864596314377534838e-34
5.474691815704617649e-34
7.904915924787895227e-34
1.117957088271674811e-33
1.611001694572245859e-33
2.274555857443217376e-33
3.271167333821702167e-33
4.610802238470898876e-33
6.617895957288489110e-33
9.312519427461481622e-33
1.333981789739043811e-32
1.874006435177233128e-32
2.679137662175252103e-32
3.757426783002621921e-32
5.361146597894727466e-32
7.506334304999588634e-32
1.068907722960025966e-31
1.494120280094097465e-31
2.123464332163003507e-31
2.963233319687084776e-31
4.203144170237851638e-31
5.855595992320128341e-31
8.289541166531484574e-31
1.152931914461271080e-30
1.628980588618860459e-30
2.261860625867238846e-30
3.189575230577580678e-30
4.421401548796502723e-30
6.222768170285264208e-30
8.611688761257824634e-30
1.209680063386491997e-29
1.671295490683086026e-29
2.343127100738708969e-29
3.231893209653580616e-29
4.522326140367693357e-29
6.227330222187542411e-29
8.697028633742542496e-29
1.195611835914701826e-28
1.666576224969899371e-28
2.287305674430165859e-28
3.182196498201782328e-28
4.360197604522025276e-28
6.054504367148394154e-28
8.282059853706330275e-28
1.147842362768739988e-27
1.567555932682988657e-27
2.168404012079923978e-27
2.956395081753231929e-27
4.081828031618573161e-27
5.555957191174071570e-27
7.656459631885755665e-27
1.040434037815976235e-26
1.431074756009873147e-26
1.941474524952024192e-26
2.665384761594735887e-26
3.610044568304104669e-26
4.946784570941400952e-26
6.688972169532393066e-26
9.148582540040828639e-26
1.235021178617068787e-25
1.685988374409024128e-25
2.272269513337669398e-25
3.096189372410470770e-25
4.165987150217798849e-25
5.665977578105235264e-25
7.611160560351011330e-25
1.033234271015079409e-24
1.385673584900142601e-24
1.877593558959433040e-24
2.513913392933339183e-24
3.400050912628063826e-24
4.544867493240190308e-24
6.135536146157987420e-24
8.187963557909988560e-24
1.103329165306670149e-23
1.469997371257855835e-23
1.977176199612262273e-23
2.629937438653232640e-23
3.530819865928619345e-23
4.688832305710822467e-23
6.283445861324807596e-23
8.330606668326099199e-23
1.114331840447352441e-22
1.474970818712750577e-22
1.969372043638000613e-22
2.602479527472172868e-22
3.468484713068594033e-22
4.576047652282914085e-22
6.087693977666396213e-22
8.018540152472329856e-22
1.064802543487129785e-21
1.400244467768635238e-21
1.856054894841805564e-21
2.436791928977210442e-21
3.224187265605486467e-21
4.226114858092641486e-21
5.581612000934558367e-21
7.304233665559194799e-21
9.629665850150399837e-21
1.258116287655330909e-20
1.655683150429671484e-20
2.159642841965675312e-20
2.837003914276065632e-20
3.694539978083732225e-20
4.844640973906853956e-20
6.298807911703307219e-20
8.244882827130761265e-20
1.070232646934290522e-19
1.398398287081254400e-19
1.812266859555340328e-19
2.363758320160366059e-19
3.058387583502219091e-19
3.982019161663316754e-19
5.143889370424996191e-19
6.685501863730941921e-19
8.622272766513756464e-19
1.118658155037280943e-18
1.440407130314595250e-18
1.865502389759902626e-18
2.398194885967536318e-18
3.100499062161151079e-18
3.979437960102488160e-18
5.135788489683741118e-18
6.581114156200406198e-18
8.478611818260339565e-18
1.084725645248362407e-17
1.395040618767286848e-17
1.781909252117911187e-17
2.287682913713634509e-17
2.917419340170275359e-17
3.738988174985781643e-17
4.760605106508091580e-17
6.090656014988749491e-17
7.742441409512216226e-17
9.888449929254015502e-17
1.255014165941101588e-16
1.600106901948639867e-16
2.027574128308005254e-16
2.580648762306183346e-16
3.264861550283017736e-16
4.148302610600645598e-16
5.239806353862029002e-16
6.646241562085201960e-16
8.381672587352065610e-16
1.061325333316370737e-15
1.336329960697772882e-15
1.689235641891307637e-15
2.123571433708830385e-15
2.679809019250858866e-15
3.363510774372689485e-15
4.237327084893617670e-15
5.309996113918659262e-15
6.678167879225610544e-15
8.355524098467247786e-15
1.049065408473346859e-14
1.310490913788648578e-14
1.642594699978111630e-14
2.048697804903562327e-14
2.563560909024767572e-14
3.192332643382838009e-14
3.987907070008730762e-14
4.958239933168553439e-14
6.183543392510394893e-14
7.676070482627447522e-14
9.557045590931648519e-14
1.184527846850569264e-13
1.472335120633504971e-13
1.822004453179748216e-13
2.260941908436604236e-13
2.793536860956563105e-13
3.460786815593660253e-13
4.269364271894153631e-13
5.280390510931622920e-13
6.503975795096275943e-13
8.030934325750678385e-13
9.876535688201120160e-13
1.217525547382512381e-12
1.495008088047854700e-12
1.839946764460232865e-12
2.255790963383713817e-12
2.771729503880244132e-12
3.392921771354704565e-12
4.162154022614774915e-12
5.087118580172929281e-12
6.230322529602418687e-12
7.603197910397344609e-12
9.296755692402981809e-12
1.132793145343909650e-11
1.382879397927165111e-11
1.682435189515855528e-11
2.050561298430172395e-11
2.490938985759200852e-11
3.031100960428893580e-11
3.676448842185866499e-11
4.466537182854451960e-11
5.409266865841225073e-11
6.561274386568109469e-11
7.934079820242213621e-11
9.608509240848658738e-11
1.160130694259328520e-10
1.402743768477023076e-10
1.691116277480094375e-10
2.041546403226763882e-10
2.457538446974451145e-10
2.962121559496777772e-10
3.560341571918902369e-10
4.284631273375558531e-10
5.142233560881220397e-10
6.178674665998792180e-10
7.404318999779323535e-10
8.882862787395025952e-10
1.062909146672188435e-09
1.273183183194665868e-09
1.521211128672136921e-09
1.819339841271116408e-09
2.170550608117563722e-09
2.591949692891330828e-09
3.087751086440118124e-09
3.681578294103194740e-09
4.379369587957144693e-09
5.213643313408731750e-09
6.192742207712411317e-09
7.361284478893717627e-09
8.730955549664376881e-09
1.036277936624060593e-08
1.227307416678804058e-08
1.454503511458583140e-08
1.720138181911178860e-08
2.035517478119881210e-08
2.403795193046755952e-08
2.840287295216118934e-08
3.349358705649632273e-08
3.951692006670083041e-08
4.653310531287630965e-08
5.482056131721894149e-08
6.446216263977163861e-08
7.583153024033162547e-08
8.904235779490382206e-08
1.045944624363306380e-07
1.226433652110254431e-07
1.438556354064718817e-07
1.684433957246233705e-07
1.972928662645219660e-07
2.306925417315654051e-07
2.698170718086717576e-07
3.150577017966103351e-07
3.679666558518494624e-07
4.290730235149391988e-07
5.004217852326884675e-07
5.827264286222716864e-07
6.786730552847407589e-07
7.892211314867161384e-07
9.178884055281219789e-07
1.065961550149367387e-06
1.238033891306389243e-06
1.435826152410752618e-06
1.665318616577462748e-06
1.928806208448179248e-06
2.234052484404741917e-06
2.584109907206707382e-06
2.989028277219114369e-06
3.452856778142073394e-06
3.988567978902326316e-06
4.601518991507459847e-06
5.308408463181039490e-06
6.116305288639779139e-06
7.046645241622389334e-06
8.108731721658666531e-06
9.330006767825107622e-06
1.072268313058333746e-05
1.232179811530924195e-05
1.414334287185002546e-05
1.623193445904546294e-05
1.860845879276742734e-05
2.132958506360819889e-05
2.442252453427606478e-05
2.795907150575331889e-05
3.197459144775461872e-05
3.655981460368326835e-05
4.176059320509844581e-05
4.769130902246436395e-05
5.441126921395455308e-05
6.206433010339231448e-05
7.072702229967183635e-05
8.057985302927131281e-05
9.172135059948652042e-05
1.043775008121070698e-04
1.186748651692589570e-04
1.348957479390557707e-04
1.532023579491954184e-04
1.739466068549810256e-04
1.973359371454704719e-04
2.238081342970097201e-04
2.536279202811145272e-04
2.873388375824903907e-04
3.252779953741515473e-04
3.681189662369869207e-04
4.162901598796255845e-04
4.706247771335275048e-04
5.316661641712324641e-04
6.004432046609258855e-04
6.776436690075056607e-04
7.645360039017056863e-04
8.619891326924690629e-04
9.715644285399587920e-04
1.094357644402650827e-03
1.232287934592160052e-03
1.386734602010382443e-03
1.560053361775112519e-03
1.753977401483998921e-03
1.971394653340000601e-03
2.214479289861679898e-03
2.486767575415061056e-03
2.790982392855682025e-03
3.131449262957579013e-03
3.511572854421774782e-03
3.936638964768564633e-03
4.410898255101422527e-03
4.940804345552597850e-03
5.531656297026608417e-03
6.191327447563303200e-03
6.926414508668057857e-03
7.746516307654297169e-03
8.659833862511895700e-03
9.678062743803648310e-03
1.081138524034248177e-02
1.207404455038720015e-02
1.347866726703826797e-02
1.504259198480298668e-02
1.678145795085903003e-02
1.871636485842790437e-02
2.086666177658531157e-02
2.325801882394469208e-02
2.591434957097966604e-02
2.886687887576452546e-02
3.214513203134713309e-02
3.578708623492192487e-02
3.982916102852467055e-02
4.431754360970532880e-02
4.929711780427570994e-02
5.482405567221682041e-02
6.095362659220809193e-02
6.775414935613496836e-02
7.529362919163676282e-02
8.365516578829142180e-02
9.292237451206562804e-02
1.031963466226742260e-01
1.145798218412235892e-01
1.271957975093926385e-01
1.411704333838636194e-01
1.566534068258080281e-01
1.737995475696461345e-01
1.927910364661951370e-01
2.138177884044214772e-01
2.371015930089060419e-01
2.628752883256946227e-01
2.914089436540808764e-01
3.229878955473498015e-01
3.579410762363708365e-01
3.966180175280358267e-01
4.394194338122255350e-01
4.867733392517838431e-01
5.391680031060992473e-01
5.971273720137175722e-01
6.612465284943194188e-01
7.321666641127142494e-01
8.106131909861356011e-01
8.973705743833209070e-01
9.933232736364180360e-01
1.099430815737960421e+00
1.216771778388326952e+00
1.346519571214023880e+00
1.489989722379125858e+00
1.648616933395286921e+00
1.824005994938634023e+00
2.017910797624603347e+00
2.232289286201140310e+00
2.469285245554015074e+00
2.731287809876578265e+00
3.020917004812061268e+00
3.341088465057461487e+00
3.695003905215239026e+00
4.086221872243965159e+00
4.518654545813933332e+00
4.996645569124357422e+00
5.524974852408347736e+00
6.108944796632284735e+00
6.754395101238408472e+00
7.467799031910793417e+00
8.256290627956159867e+00
9.127773081942972766e+00
1.009096121841109550e+01
1.115550456709264004e+01
1.233204856147440864e+01
1.363237551953864468e+01
1.506948871086598629e+01
1.665777523498594448e+01
1.841311795713972543e+01
2.035308522555895649e+01
2.249707671292785349e+01
2.486654607816818796e+01
2.748518801493240105e+01
3.037920138703273309e+01
3.357752632819020278e+01
3.711215711954609731e+01
4.101844006901399098e+01
4.533544752322967497e+01
4.910634955673535984e+01
5.236886310334650574e+01
5.515561329852926775e+01
5.749447387917079055e+01
5.940883345107751268e+01
6.091784010684069983e+01
6.203658391301799213e+01
6.277625502327364160e+01
6.314425014871022057e+01
6.314425014871022057e+01
6.277625502327364160e+01
6.203658391301799213e+01
6.091784010684069983e+01
5.940883345107751268e+01
5.749447387917079055e+01
5.515561329852926775e+01
5.236886310334650574e+01
4.910634955673535984e+01
4.533544752322967497e+01
4.101844006901399098e+01
3.711215711954609731e+01
3.357752632819020278e+01
3.037920138703273309e+01
2.748518801493240105e+01
2.486654607816818796e+01
2.249707671292785349e+01
2.035308522555895649e+01
1.841311795713972543e+01
1.665777523498594448e+01
1.506948871086598629e+01
1.363237551953864468e+01
1.233204856147440864e+01
1.115550456709264004e+01
1.009096121841109550e+01
9.127773081942972766e+00
8.256290627956159867e+00
7.467799031910793417e+00
6.754395101238408472e+00
6.108944796632284735e+00
5.524974852408347736e+00
4.996645569124357422e+00
4.518654545813933332e+00
4.086221872243965159e+00
3.695003905215239026e+00
3.341088465057461487e+00
3.020917004812061268e+00
2.731287809876578265e+00
2.469285245554015074e+00
2.232289286201140310e+00
2.017910797624603347e+00
1.824005994938634023e+00
1.648616933395286921e+00
1.489989722379125858e+00
1.346519571214023880e+00
1.216771778388326952e+00
1.099430815737960421e+00
9.933232736364180360e-01
8.973705743833209070e-01
8.106131909861356011e-01
7.321666641127142494e-01
6.612465284943194188e-01
5.971273720137175722e-01
5.391680031060992473e-01
4.867733392517838431e-01
4.394194338122255350e-01
3.966180175280358267e-01
3.579410762363708365e-01
3.229878955473498015e-01
2.914089436540808764e-01
2.628752883256946227e-01
2.371015930089060419e-01
2.138177884044214772e-01
1.927910364661951370e-01
1.737995475696461345e-01
1.566534068258080281e-01
1.411704333838636194e-01
1.271957975093926385e-01
1.145798218412235892e-01
1.031963466226742260e-01
9.292237451206562804e-02
8.365516578829142180e-02
7.529362919163676282e-02
6.775414935613496836e-02
6.095362659220809193e-02
5.482405567221682041e-02
4.929711780427570994e-02
4.431754360970532880e-02
3.982916102852467055e-02
3.578708623492192487e-02
3.214513203134713309e-02
2.886687887576452546e-02
2.591434957097966604e-02
2.325801882394469208e-02
2.086666177658531157e-02
1.871636485842790437e-02
1.678145795085903003e-02
1.504259198480298668e-02
1.347866726703826797e-02
1.207404455038720015e-02
1.081138524034248177e-02
9.678062743803648310e-03
8.659833862511895700e-03
7.746516307654297169e-03
6.926414508668057857e-03
6.191327447563303200e-03
5.531656297026608417e-03
4.940804345552597850e-03
4.410898255101422527e-03
3.936638964768564633e-03
3.511572854421774782e-03
3.131449262957579013e-03
2.790982392855682025e-03
2.486767575415061056e-03
2.214479289861679898e-03
1.971394653340000601e-03
1.753977401483998921e-03
1.560053361775112519e-03
1.386734602010382443e-03
1.232287934592160052e-03
1.094357644402650827e-03
9.715644285399587920e-04
8.619891326924690629e-04
7.645360039017056863e-04
6.776436690075056607e-04
6.004432046609258855e-04
5.316661641712324641e-04
4.706247771335275048e-04
4.162901598796255845e-04
3.681189662369869207e-04
3.252779953741515473e-04
2.873388375824903907e-04
2.536279202811145272e-04
2.238081342970097201e-04
1.973359371454704719e-04
1.739466068549810256e-04
1.532023579491954184e-04
1.348957479390557707e-04
1.186748651692589570e-04
1.043775008121070698e-04
9.172135059948652042e-05
8.057985302927131281e-05
7.072702229967183635e-05
6.206433010339231448e-05
5.441126921395455308e-05
4.769130902246436395e-05
4.176059320509844581e-05
3.655981460368326835e-05
3.197459144775461872e-05
2.795907150575331889e-05
2.442252453427606478e-05
2.132958506360819889e-05
1.860845879276742734e-05
1.623193445904546294e-05
1.414334287185002546e-05
1.232179811530924195e-05
1.072268313058333746e-05
9.330006767825107622e-06
8.108731721658666531e-06
7.046645241622389334e-06
6.116305288639779139e-06
5.308408463181039490e-06
4.601518991507459847e-06
3.988567978902326316e-06
3.452856778142073394e-06
2.989028277219114369e-06
2.584109907206707382e-06
2.234052484404741917e-06
1.928806208448179248e-06
1.665318616577462748e-06
1.435826152410752618e-06
1.238033891306389243e-06
1.065961550149367387e-06
9.178884055281219789e-07
7.892211314867161384e-07
6.786730552847407589e-07
5.827264286222716864e-07
5.004217852326884675e-07
4.290730235149391988e-07
3.679666558518494624e-07
3.150577017966103351e-07
2.698170718086717576e-07
2.306925417315654051e-07
1.972928662645219660e-07
1.684433957246233705e-07
1.438556354064718817e-07
1.226433652110254431e-07
1.045944624363306380e-07
8.904235779490382206e-08
7.583153024033162547e-08
6.446216263977163861e-08
5.482056131721894149e-08
4.653310531287630965e-08
3.951692006670083041e-08
3.349358705649632273e-08
2.840287295216118934e-08
2.403795193046755952e-08
2.035517478119881210e-08
1.720138181911178860e-08
1.454503511458583140e-08
1.227307416678804058e-08
1.036277936624060593e-08
8.730955549664376881e-09
7.361284478893717627e-09
6.192742207712411317e-09
5.213643313408731750e-09
4.379369587957144693e-09
3.681578294103194740e-09
3.087751086440118124e-09
2.591949692891330828e-09
2.170550608117563722e-09
1.819339841271116408e-09
1.521211128672136921e-09
1.273183183194665868e-09
1.062909146672188435e-09
8.882862787395025952e-10
7.404318999779323535e-10
6.178674665998792180e-10
5.142233560881220397e-10
4.284631273375558531e-10
3.560341571918902369e-10
2.962121559496777772e-10
2.457538446974451145e-10
2.041546403226763882e-10
1.691116277480094375e-10
1.402743768477023076e-10
1.160130694259328520e-10
9.608509240848658738e-11
7.934079820242213621e-11
6.561274386568109469e-11
5.409266865841225073e-11
4.466537182854451960e-11
3.676448842185866499e-11
3.031100960428893580e-11
2.490938985759200852e-11
2.050561298430172395e-11
1.682435189515855528e-11
1.382879397927165111e-11
1.132793145343909650e-11
9.296755692402981809e-12
7.603197910397344609e-12
6.230322529602418687e-12
5.087118580172929281e-12
4.162154022614774915e-12
3.392921771354704565e-12
2.771729503880243728e-12
2.255790963383713817e-12
1.839946764460232865e-12
1.495008088047854296e-12
1.217525547382512179e-12
9.876535688201116121e-13
8.030934325750674346e-13
6.503975795096270894e-13
5.280390510931616862e-13
4.269364271894144039e-13
3.460786815593648641e-13
2.793536860956546949e-13
2.260941908436583031e-13
1.822004453179718681e-13
1.472335120633464834e-13
1.184527846850513981e-13
9.557045590930887426e-14
7.676070482626407488e-14
6.183543392508967370e-14
4.958239933166612841e-14
3.987907070006066937e-14
3.192332643379228812e-14
2.563560909019821730e-14
2.048697804896873102e-14
1.642594699968963368e-14
1.310490913776298645e-14
1.049065408456487008e-14
8.355524098240022713e-15
6.678167878915992894e-15
5.309996113502062607e-15
4.237327084327019902e-15
3.363510773611574001e-15
2.679809018217625024e-15
2.123571432323155973e-15
1.689235640013714553e-15
1.336329958183858954e-15
1.061325329916320085e-15
8.381672541903386779e-16
6.646241500729843089e-16
5.239806271982391797e-16
4.148302500267731821e-16
3.264861403283281104e-16
2.580648564588565057e-16
2.027573865314261698e-16
1.600106548866654297e-16
1.255013697057870954e-16
9.888443645808156976e-17
7.742433078905547599e-17
6.090644871670346173e-17
4.760590356799904977e-17
3.738968481265347628e-17
2.917393315375001283e-17
2.287648228866504174e-17
1.781863491641389309e-17
1.394979741827510413e-17
1.084645459846837910e-17
8.477547015716851687e-18
6.579713911732637536e-18
5.133932434788899948e-18
3.977001168173512374e-18
3.097274874895546241e-18
2.393968771109444020e-18
1.859920777758968993e-18
1.433102896649035735e-18
1.109028489187131127e-18
8.496461137748223840e-19
6.519933548687976307e-19
4.927925086228430646e-19
3.698318770235712117e-19
2.688933585693846711e-19
1.879294222769681927e-19
1.182386068385010088e-19
5.739100043681789955e-20
0.000000000000000000e+00
0.000000000000000000e+00
