6.545286413184531127e-34
7.922816804633228611e-33
1.609892043536929973e-32
2.611659178233000335e-32
3.911403008335673681e-32
5.655937186072823454e-32
8.041158739620778343e-32
1.133338679581970064e-31
1.589820202498996295e-31
2.223981144880553719e-31
3.105504299957731463e-31
4.330756770080957129e-31
6.033000178525349237e-31
8.396435794826803395e-31
1.167551690008907436e-30
1.622148722879017331e-30
2.251882272533387960e-30
3.123523305679997806e-30
4.329021272425559934e-30
5.994894567192480662e-30
8.295083307007613627e-30
1.146852626349036728e-29
1.584317816194900235e-29
2.186879956083946840e-29
3.016168591256119810e-29
4.156563162685688312e-29
5.723495186677506022e-29
7.874744767368976429e-29
1.082579845539868675e-28
1.487071100773158821e-28
2.041041964627289219e-28
2.799114071469509164e-28
3.835639509684594304e-28
5.251744048749428838e-28
7.184854261226393393e-28
9.821573662403548427e-28
1.341507046614617139e-27
1.830853797781402489e-27
2.496682180631564860e-27
3.401902092447247736e-27
4.631582187019999120e-27
6.300659636622266572e-27
8.564298754592239832e-27
1.163179682401363507e-26
1.578523610399473237e-26
2.140448083795642492e-26
2.900064945744961470e-26
3.926089770364223338e-26
5.310828434404636362e-26
7.178173172218976859e-26
9.694273624533070353e-26
1.308176576631112022e-25
1.763872896651797330e-25
2.376392099916688798e-25
3.199034173536081271e-25
4.302983671680577232e-25
5.783232191045345984e-25
7.766435620727581540e-25
1.042132943611730348e-24
1.397252320492745119e-24
1.871875527578223310e-24
2.505702939224877540e-24
3.351450156317064025e-24
4.479057027048195920e-24
5.981238808389296970e-24
7.980801265917777958e-24
1.064027209231165440e-23
1.417457140992363379e-23
1.886766624829950323e-23
2.509444321211557882e-23
3.334941007905227603e-23
4.428432664325024784e-23
5.875750113571301896e-23
7.789831408796088575e-23
1.031916020947253803e-22
1.365879211034089783e-22
1.806475046553794699e-22
2.387280552621986871e-22
3.152295088195644100e-22
4.159127877113700225e-22
5.483145581482018064e-22
7.222864517180123785e-22
9.506955101692172484e-22
1.250333290454925533e-21
1.643094793934967730e-21
2.157506014410261712e-21
2.830701524748757223e-21
3.710982530515911913e-21
4.861122979685497380e-21
6.362638879247799585e-21
8.321296790083638034e-21
1.087421517865635376e-20
1.419901149914470053e-20
1.852557439318184282e-20
2.415120160802526771e-20
3.146004948458942726e-20
4.094810095347370531e-20
5.325519079717372596e-20
6.920604828180359999e-20
8.986285181458547089e-20
1.165924678635544757e-19
1.511524044955711232e-19
1.958005956942267113e-19
2.534355053114274750e-19
3.277747733548730093e-19
4.235828154068525924e-19
5.469605448771782048e-19
7.057138633542395253e-19
9.098219388255000443e-19
1.172031792640188258e-18
1.508612627810156937e-18
1.940312007635540227e-18
2.493566875619300259e-18
3.202036043804567974e-18
4.108537848995969800e-18
5.267498031774365956e-18
6.748039582698896988e-18
8.637879626390167256e-18
1.104823999082225202e-17
1.412002993265290108e-17
1.803162402798265224e-17
2.300863854001355491e-17
2.933620940234687804e-17
3.737439894657280453e-17
4.757751236722124871e-17
6.051829568473160504e-17
7.691822327891820107e-17
9.768537553495098301e-17
1.239617687952267503e-16
1.571824466110465005e-16
1.991491927953905577e-16
2.521224069252548801e-16
3.189355209888831252e-16
4.031373675590375218e-16
5.091691788109925543e-16
6.425844550646072817e-16
8.103218560782442558e-16
1.021043616870522979e-15
1.285554868210903171e-15
1.617322766484233426e-15
2.033118649627400916e-15
2.553811706479954005e-15
3.205349083574461762e-15
4.019965207078025875e-15
5.037672671688164689e-15
6.308098709246469340e-15
7.892745439873373177e-15
9.867769360664873195e-15
1.232739648353621706e-14
1.538811496730601297e-14
1.919381792846118830e-14
2.392210647585546992e-14
2.979200823553778288e-14
3.707342131776760193e-14
4.609865975105002157e-14
5.727655616745860876e-14
7.110967371875125348e-14
8.821529511708051098e-14
1.093509962449044110e-13
1.354457796357430563e-13
1.676379448519157283e-13
2.073211149939739625e-13
2.562001291341486667e-13
3.163588587126443888e-13
3.903424229520042182e-13
4.812567772652083261e-13
5.928892450107350105e-13
7.298542751825611534e-13
8.977695584625662363e-13
1.103468647186723164e-12
1.355257431478957933e-12
1.663223259791440221e-12
2.039607199397066546e-12
2.499251960461985904e-12
3.060140414301643157e-12
3.744042490530436042e-12
4.577291619095210684e-12
5.591715885437071305e-12
6.825753800073931936e-12
8.325790176190063201e-12
1.014775421046234301e-11
1.235902964858472012e-11
1.504073609216138020e-11
1.829045130598725063e-11
2.222545709147544984e-11
2.698660622558098139e-11
3.274292549968183307e-11
3.969709046444892103e-11
4.809193159917846985e-11
5.821815986181409351e-11
7.042353261547210761e-11
8.512371955107929869e-11
1.028151733376770323e-10
1.240903623754570186e-10
1.496557844049481811e-10
1.803532512253109697e-10
2.171850179911628497e-10
2.613434273258403955e-10
3.142458509178408444e-10
3.775758417764226644e-10
4.533315616872320343e-10
5.438827238090016012e-10
6.520374934274509307e-10
7.811210247947798021e-10
9.350675834882060972e-10
1.118528517247472850e-09
1.336998699990277147e-09
1.596964490710598789e-09
1.906076729268697282e-09
2.273352843817175120e-09
2.709412780154545495e-09
3.226754193440606163e-09
3.840073180814178632e-09
4.566637794673334031e-09
5.426722677866130444e-09
6.444114423204481391e-09
7.646698702494052604e-09
9.067141859446942693e-09
1.074368154437195115e-08
1.272104311794479903e-08
1.505150100216251595e-08
1.779610694875806724e-08
2.102611037385343751e-08
2.482459952298670270e-08
2.928839633959393263e-08
3.453024257621300543e-08
4.068131998246397770e-08
4.789415340719022895e-08
5.634595245349850680e-08
6.624245502490401401e-08
7.782234481023829671e-08
9.136232459936066419e-08
1.071829384404792094e-07
1.256552481985712264e-07
1.472084842263408743e-07
1.723388058074469944e-07
2.016193249912808692e-07
2.357115676484355950e-07
2.753785683019371380e-07
3.214998208265575098e-07
3.750883357849416216e-07
4.373100873486528837e-07
5.095061688380926042e-07
5.932180163548556822e-07
6.902161052690569998e-07
8.025325750113105871e-07
9.324982943118810493e-07
1.082784942400204690e-06
1.256452752469870016e-06
1.457004642749057375e-06
1.688447548702543216e-06
1.955361868231952462e-06
2.262980041343934441e-06
2.617275407844551733e-06
3.025062622542425281e-06
3.494111058692739773e-06
4.033272798632344607e-06
4.652626997555391594e-06
5.363642614157806881e-06
6.179361732640926288e-06
7.114605956739079062e-06
8.186208640700205367e-06
9.413276037453922779e-06
1.081748079379996192e-05
1.242339160992569338e-05
1.425884330986398382e-05
1.635535204498397640e-05
1.874858087906356997e-05
2.147886158620825880e-05
2.459177913768073305e-05
2.813882606700796344e-05
3.217813469161157899e-05
3.677529604146093713e-05
4.200427530947153606e-05
4.794843470404094090e-05
5.470167576167689848e-05
6.236971447865038195e-05
7.107150405770269286e-05
8.094082165306638009e-05
9.212803724988093742e-05
1.048020847495508326e-04
1.191526574695232825e-04
1.353926526251217712e-04
1.537608919653776351e-04
1.745251486095561119e-04
1.979855133042037439e-04
2.244781368228884559e-04
2.543793890964161637e-04
2.881104799277933661e-04
3.261425908551029312e-04
3.690025729226517593e-04
4.172792708569264064e-04
4.716305404750526886e-04
5.327910331414872913e-04
6.015808288019416786e-04
6.789150076376276053e-04
7.658142597813245682e-04
8.634166429118150278e-04
9.729906089969295657e-04
1.095949434100574422e-03
1.233867199130326197e-03
1.388496484817296466e-03
1.561787961241303162e-03
1.755912071010387555e-03
1.973283025960519046e-03
2.216585360164807783e-03
2.488803307359218741e-03
2.793253298855232110e-03
3.133619908897238970e-03
3.513995608541176444e-03
3.938924726820899370e-03
4.413452059605848035e-03
4.943176612553169293e-03
5.534311015378776469e-03
6.193747200822642685e-03
6.929129003725198986e-03
7.748932404184308460e-03
8.662554214511942324e-03
9.680410093414313147e-03
1.081404286331691389e-02
1.207624220897286944e-02
1.348117694845315379e-02
1.504454119245200901e-02
1.678371584580143003e-02
1.871794705755694746e-02
2.086854339452145352e-02
2.325909369930297121e-02
2.591570779982274586e-02
2.886728246466430114e-02
3.214579525006235755e-02
3.578662916219182977e-02
3.982893136551623331e-02
4.431600950736899747e-02
4.929576960407097003e-02
5.482119984849125049e-02
6.095090515719000374e-02
6.774969778173003943e-02
7.528924986848270495e-02
8.364881446988668701e-02
9.291602219384131889e-02
1.031877614335745680e-01
1.145711509554842578e-01
1.271846145454700594e-01
1.411590684343912716e-01
1.566392333507114210e-01
1.737850842944071439e-01
1.927734525032930857e-01
2.137997956048261483e-01
2.370801536284263267e-01
2.628533104122137143e-01
2.913831819924070921e-01
3.229614558340093144e-01
3.579105072705207613e-01
3.965866222933778773e-01
4.393835588963362904e-01
4.867364825667526707e-01
5.391263152585415996e-01
5.970845413179156624e-01
6.611985184042217245e-01
7.321173464999756186e-01
8.105583536870862860e-01
8.973142635360685793e-01
9.932611157734684282e-01
1.099367019427940573e+00
1.216701825982771323e+00
1.346447819265388146e+00
1.489911528974569688e+00
1.648536785985340813e+00
1.823919149992302202e+00
2.017821853778578589e+00
2.232193423566951829e+00
2.469187151673708946e+00
2.731182616211953462e+00
3.020809463064806799e+00
3.340973687974804651e+00
3.694886681600107359e+00
4.086097328020897201e+00
4.518527477716895113e+00
4.996511149784556238e+00
5.524837855457774616e+00
6.108800476211627029e+00
6.754248175277149713e+00
7.467644871731589085e+00
8.256133861956602260e+00
9.127609234732540600e+00
1.009079479417517078e+01
1.115533127980113548e+01
1.233187275598113075e+01
1.363219313473468119e+01
1.506930389715467555e+01
1.665758419073658558e+01
1.841292460364663697e+01
2.035288605373251869e+01
2.249687538122724462e+01
2.486633940113315333e+01
2.748497935586878782e+01
3.037898791276282040e+01
3.357731107642607071e+01
3.711193763517957933e+01
4.101821903605521413e+01
4.533522288716843462e+01
4.910612362253404939e+01
5.236863423601705136e+01
5.515538340179918464e+01
5.749424175260308800e+01
5.940860057849035059e+01
6.091760573325140626e+01
6.203634908747731913e+01
6.277601944286608671e+01
6.314401441692424299e+01
6.314401441692424299e+01
6.277601944286608671e+01
6.203634908747731913e+01
6.091760573325140626e+01
5.940860057849035059e+01
5.749424175260308800e+01
5.515538340179918464e+01
5.236863423601705136e+01
4.910612362253404939e+01
4.533522288716843462e+01
4.101821903605521413e+01
3.711193763517957933e+01
3.357731107642607071e+01
3.037898791276282040e+01
2.748497935586878782e+01
2.486633940113315333e+01
2.249687538122724462e+01
2.035288605373251869e+01
1.841292460364663697e+01
1.665758419073658558e+01
1.506930389715467555e+01
1.363219313473468119e+01
1.233187275598113075e+01
1.115533127980113548e+01
1.009079479417517078e+01
9.127609234732540600e+00
8.256133861956602260e+00
7.467644871731589085e+00
6.754248175277149713e+00
6.108800476211627029e+00
5.524837855457774616e+00
4.996511149784556238e+00
4.518527477716895113e+00
4.086097328020897201e+00
3.694886681600107359e+00
3.340973687974804651e+00
3.020809463064806799e+00
2.731182616211953462e+00
2.469187151673708946e+00
2.232193423566951829e+00
2.017821853778578589e+00
1.823919149992302202e+00
1.648536785985340813e+00
1.489911528974569688e+00
1.346447819265388146e+00
1.216701825982771323e+00
1.099367019427940573e+00
9.932611157734684282e-01
8.973142635360685793e-01
8.105583536870862860e-01
7.321173464999756186e-01
6.611985184042217245e-01
5.970845413179156624e-01
5.391263152585415996e-01
4.867364825667526707e-01
4.393835588963362904e-01
3.965866222933778773e-01
3.579105072705207613e-01
3.229614558340093144e-01
2.913831819924070921e-01
2.628533104122137143e-01
2.370801536284263267e-01
2.137997956048261483e-01
1.927734525032930857e-01
1.737850842944071439e-01
1.566392333507114210e-01
1.411590684343912716e-01
1.271846145454700594e-01
1.145711509554842578e-01
1.031877614335745680e-01
9.291602219384131889e-02
8.364881446988668701e-02
7.528924986848270495e-02
6.774969778173003943e-02
6.095090515719000374e-02
5.482119984849125049e-02
4.929576960407097003e-02
4.431600950736899747e-02
3.982893136551623331e-02
3.578662916219182977e-02
3.214579525006235755e-02
2.886728246466430114e-02
2.591570779982274586e-02
2.325909369930297121e-02
2.086854339452145352e-02
1.871794705755694746e-02
1.678371584580143003e-02
1.504454119245200901e-02
1.348117694845315379e-02
1.207624220897286944e-02
1.081404286331691389e-02
9.680410093414313147e-03
8.662554214511942324e-03
7.748932404184308460e-03
6.929129003725198986e-03
6.193747200822642685e-03
5.534311015378776469e-03
4.943176612553169293e-03
4.413452059605848035e-03
3.938924726820899370e-03
3.513995608541176444e-03
3.133619908897238970e-03
2.793253298855232110e-03
2.488803307359218741e-03
2.216585360164807783e-03
1.973283025960519046e-03
1.755912071010387555e-03
1.561787961241303162e-03
1.388496484817296466e-03
1.233867199130326197e-03
1.095949434100574422e-03
9.729906089969295657e-04
8.634166429118150278e-04
7.658142597813245682e-04
6.789150076376276053e-04
6.015808288019416786e-04
5.327910331414872913e-04
4.716305404750526886e-04
4.172792708569264064e-04
3.690025729226517593e-04
3.261425908551029312e-04
2.881104799277933661e-04
2.543793890964161637e-04
2.244781368228884559e-04
1.979855133042037439e-04
1.745251486095561119e-04
1.537608919653776351e-04
1.353926526251217712e-04
1.191526574695232825e-04
1.048020847495508326e-04
9.212803724988093742e-05
8.094082165306638009e-05
7.107150405770269286e-05
6.236971447865038195e-05
5.470167576167689848e-05
4.794843470404094090e-05
4.200427530947153606e-05
3.677529604146093713e-05
3.217813469161157899e-05
2.813882606700796344e-05
2.459177913768073305e-05
2.147886158620825880e-05
1.874858087906356997e-05
1.635535204498397640e-05
1.425884330986398382e-05
1.242339160992569338e-05
1.081748079379996192e-05
9.413276037453922779e-06
8.186208640700205367e-06
7.114605956739079062e-06
6.179361732640926288e-06
5.363642614157806881e-06
4.652626997555391594e-06
4.033272798632344607e-06
3.494111058692739773e-06
3.025062622542425281e-06
2.617275407844551733e-06
2.262980041343934441e-06
1.955361868231952462e-06
1.688447548702543216e-06
1.457004642749057375e-06
1.256452752469870016e-06
1.082784942400204690e-06
9.324982943118810493e-07
8.025325750113105871e-07
6.902161052690569998e-07
5.932180163548556822e-07
5.095061688380926042e-07
4.373100873486528837e-07
3.750883357849416216e-07
3.214998208265575098e-07
2.753785683019371380e-07
2.357115676484355950e-07
2.016193249912808692e-07
1.723388058074469944e-07
1.472084842263408743e-07
1.256552481985712264e-07
1.071829384404792094e-07
9.136232459936066419e-08
7.782234481023829671e-08
6.624245502490401401e-08
5.634595245349850680e-08
4.789415340719022895e-08
4.068131998246397770e-08
3.453024257621300543e-08
2.928839633959393263e-08
2.482459952298670270e-08
2.102611037385343751e-08
1.779610694875806724e-08
1.505150100216251595e-08
1.272104311794479903e-08
1.074368154437195115e-08
9.067141859446942693e-09
7.646698702494052604e-09
6.444114423204481391e-09
5.426722677866130444e-09
4.566637794673334031e-09
3.840073180814178632e-09
3.226754193440606163e-09
2.709412780154545495e-09
2.273352843817175120e-09
1.906076729268697282e-09
1.596964490710598789e-09
1.336998699990277147e-09
1.118528517247472850e-09
9.350675834882060972e-10
7.811210247947798021e-10
6.520374934274509307e-10
5.438827238090016012e-10
4.533315616872320343e-10
3.775758417764226644e-10
3.142458509178408444e-10
2.613434273258403955e-10
2.171850179911628497e-10
1.803532512253109697e-10
1.496557844049481811e-10
1.240903623754570186e-10
1.028151733376770323e-10
8.512371955107929869e-11
7.042353261547210761e-11
5.821815986181409351e-11
4.809193159917846985e-11
3.969709046444892103e-11
3.274292549968183307e-11
2.698660622558098139e-11
2.222545709147544984e-11
1.829045130598725063e-11
1.504073609216138020e-11
1.235902964858472012e-11
1.014775421046234301e-11
8.325790176190063201e-12
6.825753800073931936e-12
5.591715885437071305e-12
4.577291619095210684e-12
3.744042490530436042e-12
3.060140414301643157e-12
2.499251960461985904e-12
2.039607199397066546e-12
1.663223259791440221e-12
1.355257431478957933e-12
1.103468647186723164e-12
8.977695584625662363e-13
7.298542751825611534e-13
5.928892450107350105e-13
4.812567772652083261e-13
3.903424229520042182e-13
3.163588587126443888e-13
2.562001291341486667e-13
2.073211149939739625e-13
1.676379448519157283e-13
1.354457796357430563e-13
1.093509962449044110e-13
8.821529511708051098e-14
7.110967371875125348e-14
5.727655616745860876e-14
4.609865975105002157e-14
3.707342131776760193e-14
2.979200823553778288e-14
2.392210647585546992e-14
1.919381792846118830e-14
1.538811496730601297e-14
1.232739648353621706e-14
9.867769360664873195e-15
7.892745439873373177e-15
6.308098709246469340e-15
5.037672671688164689e-15
4.019965207078025875e-15
3.205349083574461762e-15
2.553811706479954005e-15
2.033118649627400916e-15
1.617322766484233426e-15
1.285554868210903171e-15
1.021043616870522979e-15
8.103218560782442558e-16
6.425844550646072817e-16
5.091691788109925543e-16
4.031373675590375218e-16
3.189355209888831252e-16
2.521224069252548801e-16
1.991491927953905577e-16
1.571824466110465005e-16
1.239617687952267503e-16
9.768537553495098301e-17
7.691822327891820107e-17
6.051829568473160504e-17
4.757751236722124871e-17
3.737439894657280453e-17
2.933620940234687804e-17
2.300863854001355491e-17
1.803162402798265224e-17
1.412002993265290108e-17
1.104823999082225202e-17
8.637879626390167256e-18
6.748039582698896988e-18
5.267498031774365956e-18
4.108537848995969800e-18
3.202036043804567974e-18
2.493566875619300259e-18
1.940312007635540227e-18
1.508612627810156937e-18
1.172031792640188258e-18
9.098219388255000443e-19
7.057138633542395253e-19
5.469605448771782048e-19
4.235828154068525924e-19
3.277747733548730093e-19
2.534355053114274750e-19
1.958005956942267113e-19
1.511524044955711232e-19
1.165924678635544757e-19
8.986285181458547089e-20
6.920604828180359999e-20
5.325519079717372596e-20
4.094810095347370531e-20
3.146004948458942726e-20
2.415120160802526771e-20
1.852557439318184282e-20
1.419901149914470053e-20
1.087421517865635376e-20
8.321296790083638034e-21
6.362638879247799585e-21
4.861122979685497380e-21
3.710982530515911913e-21
2.830701524748757223e-21
2.157506014410261712e-21
1.643094793934967730e-21
1.250333290454925533e-21
9.506955101692172484e-22
7.222864517180123785e-22
5.483145581482018064e-22
4.159127877113700225e-22
3.152295088195644100e-22
2.387280552621986871e-22
1.806475046553794699e-22
1.365879211034089783e-22
1.031916020947253803e-22
7.789831408796088575e-23
5.875750113571301896e-23
4.428432664325024784e-23
3.334941007905227603e-23
2.509444321211557882e-23
1.886766624829950323e-23
1.417457140992363379e-23
1.064027209231165440e-23
7.980801265917777958e-24
5.981238808389296970e-24
4.479057027048195920e-24
3.351450156317064025e-24
2.505702939224877540e-24
1.871875527578223310e-24
1.397252320492745119e-24
1.042132943611730348e-24
7.766435620727581540e-25
5.783232191045345984e-25
4.302983671680577232e-25
3.199034173536081730e-25
2.376392099916688798e-25
1.763872896651798019e-25
1.308176576631113170e-25
9.694273624533085277e-26
7.178173172218998670e-26
5.310828434404667356e-26
3.926089770364269256e-26
2.900064945745028050e-26
2.140448083795739206e-26
1.578523610399614147e-26
1.163179682401568989e-26
8.564298754595234531e-27
6.300659636626623736e-27
4.631582187026330030e-27
3.401902092456440613e-27
2.496682180644902890e-27
1.830853797800738166e-27
1.341507046642623378e-27
9.821573662808869412e-28
7.184854261812518202e-28
5.251744049596316233e-28
3.835639510907257482e-28
2.799114073233245741e-28
2.041041967169468841e-28
1.487071104434367640e-28
1.082579850808385891e-28
7.874744843121652403e-29
5.723495295508667421e-29
4.156563318912051780e-29
3.016168815335136812e-29
2.186880277223580516e-29
1.584318276062183366e-29
1.146853284335633728e-29
8.295092713929739768e-30
5.994908004865146041e-30
4.329040452337737686e-30
3.123550659328315136e-30
2.251921251474092025e-30
1.622204222622520030e-30
1.167630648370998631e-30
8.397558204855603514e-31
6.034594409493480861e-31
4.333019315368463528e-31
3.108712708769202845e-31
2.228527135576692527e-31
1.596256170120581326e-31
1.142442960882825238e-31
8.169842587478098081e-32
5.837676551183938081e-32
4.167863586197538400e-32
2.973267913636276119e-32
2.119344829902145783e-32
1.509441167731811656e-32
1.074181564562353607e-32
7.638113196514033089e-33
5.426768949251916793e-33
3.852506427543272318e-33
2.732701319282092025e-33
1.936812902804881674e-33
1.371607454198150406e-33
9.705515846175649192e-34
6.862051677978788213e-34
4.847701577484903564e-34
3.421875916944985621e-34
2.413454312458783052e-34
1.700827652203788579e-34
1.197644413636458413e-34
8.426394636280713921e-35
5.923821600615402797e-35
4.161102177938651825e-35
2.920525355405480261e-35
2.048140438437952652e-35
1.435174117018560466e-35
1.004836781160769567e-35
7.029630261150425121e-36
4.913776866424633587e-36
3.431976688670030640e-36
2.395075109083047775e-36
1.670089772676735935e-36
1.163607007276664900e-36
8.100626961000297808e-37
5.634776488086150032e-37
3.916340753902035014e-37
2.719755915066205841e-37
1.887230863225070281e-37
1.308475923004678968e-37
9.064670231337657167e-38
6.274567769678157287e-38
4.339714052629381455e-38
2.999051153152765600e-38
2.070866273305826369e-38
1.428780861029938248e-38
9.849734964442570734e-39
6.784670827521586864e-39
4.669585162682955172e-39
3.211242223876618353e-39
2.206546291646079538e-39
1.514949647272828918e-39
1.039270254781556144e-39
7.123671863600345716e-40
4.878927804679788512e-40
3.338796272336159871e-40
2.282971331549265837e-40
1.559753513150388964e-40
1.064771531689882361e-40
7.262761807294025531e-41
4.949850134977994931e-41
3.370754679550077486e-41
2.293543899158266342e-41
1.559307440874658025e-41
1.059256645347077943e-41
7.189776060194914764e-42
4.876118139782060887e-42
3.304286783105337047e-42
2.237308511240888441e-42
1.513626119426722960e-42
1.023189132267431770e-42
6.910950151748845842e-43
4.664059785585870037e-43
3.145103440725187880e-43
2.119093921823937452e-43
1.426625214345430945e-43
9.596524438793108250e-44
6.450040046015318778e-44
4.331668159648713918e-44
2.906646708784444690e-44
1.948828358844239801e-44
1.305567041414968723e-44
8.739145731797373663e-45
5.844979248974800682e-45
3.906079932062339226e-45
2.608215140212041456e-45
1.740162486585120539e-45
1.160059514863979016e-45
7.727068984295455995e-46
5.142725358108678360e-46
3.419919400401583175e-46
2.272387436971588372e-46
1.508665056763475659e-46
1.000799777207759155e-46
6.633541628793528007e-47
4.393266835451133757e-47
2.907190850740313527e-47
1.922220996199250879e-47
1.269921502305339857e-47
8.382898306161569878e-48
5.529110305883076544e-48
3.643846057176630250e-48
2.399432144186864988e-48
1.578703545551715772e-48
1.037854161736845906e-48
6.817351526734808215e-49
4.474439407089793327e-49
2.934304200854873042e-49
1.922716159702151133e-49
1.258834770336515682e-49
8.235041124472463271e-50
5.382775649976727359e-50
3.515525291440120236e-50
2.294127713393224728e-50
1.495851045455344888e-50
9.745463007448053178e-51
6.343952928622260031e-51
4.126299525187638573e-51
2.681667003138698243e-51
1.741374673494848857e-51
1.129855369364161317e-51
7.324815930706497908e-52
4.744754936260975026e-52
3.070959178898782624e-52
1.985991863840591795e-52
1.283287689604008548e-52
8.285404406967646520e-53
5.344985007781045161e-53
3.445262740230571905e-53
2.218918019858840719e-53
1.427917771613562675e-53
9.181383983487580102e-54
5.898697046678206583e-54
3.786578806823884385e-54
2.428739041594433129e-54
1.556530493125665989e-54
9.967295084016032809e-55
6.377344548053355443e-55
4.077043153594083465e-55
2.604315383252750820e-55
1.662205306291892979e-55
1.060030965569337646e-55
6.754531302545943660e-56
4.300457339758435706e-56
2.735752515451857531e-56
1.738928352438599417e-56
1.104407297354060898e-56
7.008410382355942938e-57
4.443778861852516948e-57
2.815321461732914814e-57
1.782157822978547439e-57
1.127215442633106791e-57
7.123776362000443131e-58
4.498380454205900158e-58
2.838210676904644878e-58
1.789268827491059270e-58
1.127065258655178588e-58
7.093572504751329957e-59
4.460909614848485931e-59
2.803007625077561507e-59
1.759817204545588046e-59
1.103959764022714596e-59
6.919605221307468484e-60
4.333629297796099064e-60
2.711843039689987657e-60
1.695585408038205943e-60
1.059295442276702166e-60
6.612365168861484616e-61
4.124191540762344087e-61
2.570177228545626451e-61
1.600403626108511267e-61
9.957220573564497109e-62
6.189972680763461601e-62
3.844864089131289293e-62
2.386239429811796876e-62
1.479740207365223662e-62
9.168308344061472933e-63
5.675562990033839741e-63
3.509955092013642434e-63
2.167967070200590760e-63
1.336467916614430153e-63
8.207465327433232977e-64
4.995989022997294872e-64
2.972677152821004457e-64
1.658370377307110264e-64
7.405277812538321370e-65
0.000000000000000000e+00
0.000000000000000000e+00
