1.846650317166367008e-34
2.363447843066046947e-33
4.787149751334371702e-33
7.896275994818853036e-33
1.182018281280810157e-32
1.742442107179865459e-32
2.481396861877346044e-32
3.569688101774786168e-32
5.020626582365972959e-32
7.170700396745397496e-32
1.004261030012063554e-31
1.429711393414033054e-31
1.997734724614482023e-31
2.837619023089276652e-31
3.957792120106869506e-31
5.610299648242054945e-31
7.811680850060784660e-31
1.105148563935189885e-30
1.536211896183560465e-30
2.169093219044866537e-30
3.010121680325795445e-30
4.241948612704596661e-30
5.876892447178982516e-30
8.265813330450774626e-30
1.143260054918101957e-29
1.604875496074167542e-29
2.216043814657240568e-29
3.104809930119030209e-29
4.280061505397321244e-29
5.985065590298227652e-29
8.236872226519443594e-29
1.149596195336851795e-28
1.579492566851634618e-28
2.200222016379392349e-28
3.017991838434411033e-28
4.195992944786091495e-28
5.746005346506898222e-28
7.973560833079472419e-28
1.090093495937373167e-27
1.509807065852309884e-27
2.060693928752102148e-27
2.848684998425750177e-27
3.881660185570080306e-27
5.355789345125780322e-27
7.285813768688446077e-27
1.003369451496262925e-26
1.362691039141108355e-26
1.873090808083282647e-26
2.539672756012208111e-26
3.484332562721617071e-26
4.716516826278600873e-26
6.458704424869665307e-26
8.728317234480713952e-26
1.192994648061070519e-25
1.609560845572092725e-25
2.195841984500761183e-25
2.957700876236361634e-25
4.027498654043731957e-25
5.415933295700946159e-25
7.361116277946796612e-25
9.882499430603749782e-25
1.340689256945451577e-24
1.796953962588762178e-24
2.433273796562691831e-24
3.256011957206983512e-24
4.400828537819151870e-24
5.879171704205324276e-24
7.931599115957402557e-24
1.057863504719291447e-23
1.424531710670490504e-23
1.896831211508851383e-23
2.549592450549846142e-23
3.389343040183886662e-23
4.547355479966133865e-23
6.035209894294412756e-23
8.082370701295778416e-23
1.070930950904024970e-22
1.431569929169436036e-22
1.893760394708465651e-22
2.526867878542659770e-22
3.337223455510363057e-22
4.444786394724721666e-22
5.860632325577884900e-22
7.791478500383885311e-22
1.025663338089080095e-21
1.361105262370597209e-21
1.788828042125758475e-21
2.369565076261184418e-21
3.109123735118234122e-21
4.111051327605424500e-21
5.385367129647635700e-21
7.107988794272331566e-21
9.296142538125769887e-21
1.224763956452878296e-20
1.599199484374541586e-20
2.103159175910562266e-20
2.741682627976302430e-20
3.599218691783997913e-20
4.684342727971728160e-20
6.138509665768226562e-20
7.976261174551465264e-20
1.043370481676368867e-19
1.353541502882702399e-19
1.767410075356801568e-19
2.289114884823408457e-19
2.983744148165284600e-19
3.858244158015849703e-19
5.020114366777569584e-19
6.480973476538062055e-19
8.417744379320944006e-19
1.084979478415404769e-18
1.406728453692729861e-18
1.810238853516843787e-18
2.342931349724495198e-18
3.010132867277761833e-18
3.889071765219128188e-18
4.988537432528009814e-18
6.433863099044721887e-18
8.239502021434435996e-18
1.060814665565780216e-17
1.356348344805706067e-17
1.743216978156344889e-17
2.225289251951203794e-17
2.855025678407867139e-17
3.638723621790904251e-17
4.660340553313249932e-17
5.930092642290130364e-17
7.581878036813655031e-17
9.632214590829063863e-17
1.229390632098615915e-16
1.559357014458650767e-16
1.986824240818032177e-16
2.516066983440352305e-16
3.200279771417212332e-16
4.046304732628380046e-16
5.137808475889800428e-16
6.485706038634092030e-16
8.221137063901013858e-16
1.036145586194324259e-15
1.311150213575735673e-15
1.649877634808151130e-15
2.084213426625688275e-15
2.618500946946525009e-15
3.302202702068378900e-15
4.142155709542473519e-15
5.214824738567549821e-15
6.530936479433871822e-15
8.208292698675561129e-15
1.026366695848505687e-14
1.287792201163815610e-14
1.607720040866642447e-14
2.013823145792105134e-14
2.510162546989465003e-14
3.138934281347553425e-14
3.906426066209963153e-14
4.876758929369812335e-14
6.059636199458716508e-14
7.552163289575810789e-14
9.369265470622292096e-14
1.165749834819640438e-13
1.443974425107392101e-13
1.793643757653645948e-13
2.218254525783868692e-13
2.750849478303842707e-13
3.396754564738775384e-13
4.205332021039290976e-13
5.184667621768404268e-13
6.408252905933092632e-13
7.888323726375017309e-13
9.733925088825511590e-13
1.196351300690910876e-12
1.473833841356261475e-12
1.808614956285260531e-12
2.224459155208753802e-12
2.725524880115983922e-12
3.346717147590463742e-12
4.094247880306949515e-12
5.019212437865134577e-12
6.130860465840616013e-12
7.503735846635589594e-12
9.151567334058026375e-12
1.118274309509421538e-11
1.361757488735454556e-11
1.661313280324155635e-11
2.019937242191414858e-11
2.460314929520458825e-11
2.986850119184581841e-11
3.632198000941576085e-11
4.402812053609017396e-11
5.345541736595819589e-11
6.469814346731866068e-11
7.842619780406011580e-11
9.477686091955024760e-11
1.147048379369970938e-10
1.384094086265755469e-10
1.672466595268835556e-10
2.015049631469248069e-10
2.431041675216949032e-10
2.924602646949420797e-10
3.522822659371565557e-10
4.231683912607613010e-10
5.089286200113301760e-10
6.104205544763704136e-10
7.329849878544274782e-10
8.778475644792838409e-10
1.052470432411974954e-09
1.258599820331830535e-09
1.506627765809309239e-09
1.799034548299188596e-09
2.150245315145646663e-09
2.563772174017149372e-09
3.059573567565951144e-09
3.642607509727539910e-09
4.340398803581509301e-09
5.159925362066401804e-09
6.139024256370105359e-09
7.287486475435667903e-09
8.657157546206363554e-09
1.026173417938991407e-08
1.217202897993740166e-08
1.440714489585431745e-08
1.706349160038034744e-08
2.016763256056076725e-08
2.385040970982961723e-08
2.814865081967960019e-08
3.323936492401488248e-08
3.917345916387884601e-08
4.618964441005453700e-08
5.435808251500371720e-08
6.399968383755669225e-08
7.521086439093899813e-08
8.842169194551155206e-08
1.037642747768201528e-07
1.218131775515154741e-07
1.427488892973444816e-07
1.673366496154966322e-07
1.958223361091534229e-07
2.292220115761977619e-07
2.678696727713000529e-07
3.131103027592399538e-07
3.653963078398967744e-07
4.265026755029882578e-07
4.970404694251453343e-07
5.793451128147308825e-07
6.742396521056408798e-07
7.847877283076195416e-07
9.120948221826870919e-07
1.060167966803936417e-06
1.230487893617580969e-06
1.428280154721949426e-06
1.655522672728086806e-06
1.919010264598809658e-06
2.221377806252828097e-06
2.571435229054801609e-06
2.972683107232756774e-06
3.436511608155726387e-06
3.967559016832950512e-06
4.580510029438098442e-06
5.281494156097234871e-06
6.089390981555994001e-06
7.012279474068981146e-06
8.074365954105282059e-06
9.286271286465291031e-06
1.067894764922355306e-05
1.226632180600768967e-05
1.408786656254852062e-05
1.616179736641149112e-05
1.853832170013352328e-05
2.124120480705188097e-05
2.433414427771983155e-05
2.784806950684410597e-05
3.186358944884549050e-05
3.642085930314408962e-05
4.162163790455938905e-05
4.751793303910564580e-05
5.423789323059599756e-05
6.184871808094547592e-05
7.051141027722522818e-05
8.031259674139817060e-05
9.145409431161364926e-05
1.040473179635739969e-04
1.183446823207262095e-04
1.344891610266420320e-04
1.527957710367820320e-04
1.734475784512479418e-04
1.968369087417377948e-04
2.231976552111568531e-04
2.530174411952621481e-04
2.865944645538951222e-04
3.245336223455570920e-04
3.672143061481648548e-04
4.153854997908044402e-04
4.695289152099024733e-04
5.305703022476086252e-04
5.991200747743002193e-04
6.763205391208814039e-04
7.629436999308186838e-04
8.603968287215840120e-04
9.696544567810862865e-04
1.092447672643780598e-03
1.230004408468295899e-03
1.384451075886521110e-03
1.557332141572641444e-03
1.751256181281531316e-03
1.968162435410283212e-03
2.211247071931966846e-03
2.482940937211801976e-03
2.787155754652429450e-03
3.126933672428256449e-03
3.507057263892458289e-03
3.931327764959683356e-03
4.405587055292549924e-03
4.934577727794394950e-03
5.525429679268416792e-03
6.184051429229362427e-03
6.919138490334129227e-03
7.738041733193775848e-03
8.651359288051389124e-03
9.668224330455560053e-03
1.080154682699441433e-02
1.206266000263335816e-02
1.346728271928444680e-02
1.502946120411420908e-02
1.676832717017028365e-02
1.870126927711324855e-02
2.085156619527069391e-02
2.324072089382422240e-02
2.589705164085924841e-02
2.884712174384614775e-02
3.212537489942882130e-02
3.576459363916312945e-02
3.980666843276595146e-02
4.429202002817335393e-02
4.927159422274383221e-02
5.479518675842313946e-02
6.092475767841452200e-02
6.772160269191797310e-02
7.526108252741989246e-02
8.361859198327541154e-02
9.288580070704971492e-02
1.031553807859807020e-01
1.145388560045301485e-01
1.271500611148836946e-01
1.411246969893547032e-01
1.566025099866881209e-01
1.737486507305262828e-01
1.927345806283078666e-01
2.137613325665342345e-01
2.370391740645881873e-01
2.628128693813768235e-01
2.913401554700686957e-01
3.229191073633377318e-01
3.578655145801173387e-01
3.965424558717822734e-01
4.393367006512501893e-01
4.866906060908085530e-01
5.390777112448538189e-01
5.970370801524722548e-01
6.611483065027405903e-01
7.320684421211353099e-01
8.105066883638416542e-01
8.972640717610270711e-01
9.932081661466652944e-01
1.099315708248208345e+00
1.216647773486673412e+00
1.346395566312371006e+00
1.489856564653560200e+00
1.648483775669722595e+00
1.823863471471021791e+00
2.017768274156992891e+00
2.232137231754495854e+00
2.469133191107372838e+00
2.731126111809151880e+00
3.020755306744636659e+00
3.340917067863182321e+00
3.694832508020963857e+00
4.086040781619555418e+00
4.518473455189529808e+00
4.996454855466577527e+00
5.524784138750574947e+00
6.108744597874350646e+00
6.754194902480486817e+00
7.467589555615026242e+00
8.256081151660405126e+00
9.127554606577056973e+00
1.009074274304519747e+01
1.115527744242948494e+01
1.233182143681127663e+01
1.363214016613434865e+01
1.506925335746171513e+01
1.665753214270660365e+01
1.841287486486040237e+01
2.035283495114461871e+01
2.249682643851353347e+01
2.486628924184080702e+01
2.748493117860503787e+01
3.037893866817384492e+01
3.357726360933133947e+01
3.711188925148907458e+01
4.101817220095698246e+01
4.533517528722971690e+01
4.910607732073541598e+01
5.236858732180910891e+01
5.515533751699187803e+01
5.749419540823553376e+01
5.940855498014227010e+01
6.091755982843113770e+01
6.203630363460845132e+01
6.277597383673597164e+01
6.314396896217255062e+01
6.314396896217255062e+01
6.277597383673597164e+01
6.203630363460845132e+01
6.091755982843113770e+01
5.940855498014227010e+01
5.749419540823553376e+01
5.515533751699187803e+01
5.236858732180910891e+01
4.910607732073541598e+01
4.533517528722971690e+01
4.101817220095698246e+01
3.711188925148907458e+01
3.357726360933133947e+01
3.037893866817384492e+01
2.748493117860503787e+01
2.486628924184080702e+01
2.249682643851353347e+01
2.035283495114461871e+01
1.841287486486040237e+01
1.665753214270660365e+01
1.506925335746171513e+01
1.363214016613434865e+01
1.233182143681127663e+01
1.115527744242948494e+01
1.009074274304519747e+01
9.127554606577056973e+00
8.256081151660405126e+00
7.467589555615026242e+00
6.754194902480486817e+00
6.108744597874350646e+00
5.524784138750574947e+00
4.996454855466577527e+00
4.518473455189529808e+00
4.086040781619555418e+00
3.694832508020963857e+00
3.340917067863182321e+00
3.020755306744636659e+00
2.731126111809151880e+00
2.469133191107372838e+00
2.232137231754495854e+00
2.017768274156992891e+00
1.823863471471021791e+00
1.648483775669722595e+00
1.489856564653560200e+00
1.346395566312371006e+00
1.216647773486673412e+00
1.099315708248208345e+00
9.932081661466652944e-01
8.972640717610270711e-01
8.105066883638416542e-01
7.320684421211353099e-01
6.611483065027405903e-01
5.970370801524722548e-01
5.390777112448538189e-01
4.866906060908085530e-01
4.393367006512501893e-01
3.965424558717822734e-01
3.578655145801173387e-01
3.229191073633377318e-01
2.913401554700686957e-01
2.628128693813768235e-01
2.370391740645881873e-01
2.137613325665342345e-01
1.927345806283078666e-01
1.737486507305262828e-01
1.566025099866881209e-01
1.411246969893547032e-01
1.271500611148836946e-01
1.145388560045301485e-01
1.031553807859807020e-01
9.288580070704971492e-02
8.361859198327541154e-02
7.526108252741989246e-02
6.772160269191797310e-02
6.092475767841452200e-02
5.479518675842313946e-02
4.927159422274383221e-02
4.429202002817335393e-02
3.980666843276595146e-02
3.576459363916312945e-02
3.212537489942882130e-02
2.884712174384614775e-02
2.589705164085924841e-02
2.324072089382422240e-02
2.085156619527069391e-02
1.870126927711324855e-02
1.676832717017028365e-02
1.502946120411420908e-02
1.346728271928444680e-02
1.206266000263335816e-02
1.080154682699441433e-02
9.668224330455560053e-03
8.651359288051389124e-03
7.738041733193775848e-03
6.919138490334129227e-03
6.184051429229362427e-03
5.525429679268416792e-03
4.934577727794394950e-03
4.405587055292549924e-03
3.931327764959683356e-03
3.507057263892458289e-03
3.126933672428256449e-03
2.787155754652429450e-03
2.482940937211801976e-03
2.211247071931966846e-03
1.968162435410283212e-03
1.751256181281531316e-03
1.557332141572641444e-03
1.384451075886521110e-03
1.230004408468295899e-03
1.092447672643780598e-03
9.696544567810862865e-04
8.603968287215840120e-04
7.629436999308186838e-04
6.763205391208814039e-04
5.991200747743002193e-04
5.305703022476086252e-04
4.695289152099024733e-04
4.153854997908044402e-04
3.672143061481648548e-04
3.245336223455570920e-04
2.865944645538951222e-04
2.530174411952621481e-04
2.231976552111568531e-04
1.968369087417377948e-04
1.734475784512479418e-04
1.527957710367820320e-04
1.344891610266420320e-04
1.183446823207262095e-04
1.040473179635739969e-04
9.145409431161364926e-05
8.031259674139817060e-05
7.051141027722522818e-05
6.184871808094547592e-05
5.423789323059599756e-05
4.751793303910564580e-05
4.162163790455938905e-05
3.642085930314408962e-05
3.186358944884549050e-05
2.784806950684410597e-05
2.433414427771983155e-05
2.124120480705188097e-05
1.853832170013352328e-05
1.616179736641149112e-05
1.408786656254852062e-05
1.226632180600768967e-05
1.067894764922355306e-05
9.286271286465291031e-06
8.074365954105282059e-06
7.012279474068981146e-06
6.089390981555994001e-06
5.281494156097234871e-06
4.580510029438098442e-06
3.967559016832950512e-06
3.436511608155726387e-06
2.972683107232756774e-06
2.571435229054801609e-06
2.221377806252828097e-06
1.919010264598809658e-06
1.655522672728086806e-06
1.428280154721949426e-06
1.230487893617580969e-06
1.060167966803936417e-06
9.120948221826870919e-07
7.847877283076195416e-07
6.742396521056408798e-07
5.793451128147308825e-07
4.970404694251453343e-07
4.265026755029882578e-07
3.653963078398967744e-07
3.131103027592399538e-07
2.678696727713000529e-07
2.292220115761977619e-07
1.958223361091534229e-07
1.673366496154966322e-07
1.427488892973444816e-07
1.218131775515154741e-07
1.037642747768201528e-07
8.842169194551155206e-08
7.521086439093899813e-08
6.399968383755669225e-08
5.435808251500371720e-08
4.618964441005453700e-08
3.917345916387884601e-08
3.323936492401488248e-08
2.814865081967960019e-08
2.385040970982961723e-08
2.016763256056076725e-08
1.706349160038034744e-08
1.440714489585431745e-08
1.217202897993740166e-08
1.026173417938991407e-08
8.657157546206363554e-09
7.287486475435667903e-09
6.139024256370105359e-09
5.159925362066401804e-09
4.340398803581509301e-09
3.642607509727539910e-09
3.059573567565951144e-09
2.563772174017149372e-09
2.150245315145646663e-09
1.799034548299188596e-09
1.506627765809309239e-09
1.258599820331830535e-09
1.052470432411974954e-09
8.778475644792838409e-10
7.329849878544274782e-10
6.104205544763704136e-10
5.089286200113301760e-10
4.231683912607613010e-10
3.522822659371565557e-10
2.924602646949420797e-10
2.431041675216949032e-10
2.015049631469248069e-10
1.672466595268835556e-10
1.384094086265755469e-10
1.147048379369970938e-10
9.477686091955024760e-11
7.842619780406011580e-11
6.469814346731866068e-11
5.345541736595819589e-11
4.402812053609017396e-11
3.632198000941576085e-11
2.986850119184581841e-11
2.460314929520458825e-11
2.019937242191414858e-11
1.661313280324155635e-11
1.361757488735454556e-11
1.118274309509421538e-11
9.151567334058026375e-12
7.503735846635589594e-12
6.130860465840616013e-12
5.019212437865134577e-12
4.094247880306949515e-12
3.346717147590463742e-12
2.725524880115983922e-12
2.224459155208753802e-12
1.808614956285260531e-12
1.473833841356261475e-12
1.196351300690910876e-12
9.733925088825511590e-13
7.888323726375017309e-13
6.408252905933092632e-13
5.184667621768404268e-13
4.205332021039290976e-13
3.396754564738775384e-13
2.750849478303842707e-13
2.218254525783868692e-13
1.793643757653645948e-13
1.443974425107392101e-13
1.165749834819640438e-13
9.369265470622292096e-14
7.552163289575810789e-14
6.059636199458716508e-14
4.876758929369812335e-14
3.906426066209963153e-14
3.138934281347553425e-14
2.510162546989465003e-14
2.013823145792105134e-14
1.607720040866642447e-14
1.287792201163815610e-14
1.026366695848505687e-14
8.208292698675561129e-15
6.530936479433871822e-15
5.214824738567549821e-15
4.142155709542473519e-15
3.302202702068378900e-15
2.618500946946525009e-15
2.084213426625688275e-15
1.649877634808151130e-15
1.311150213575735673e-15
1.036145586194324259e-15
8.221137063901013858e-16
6.485706038634092030e-16
5.137808475889800428e-16
4.046304732628380046e-16
3.200279771417212332e-16
2.516066983440352305e-16
1.986824240818032177e-16
1.559357014458650767e-16
1.229390632098615915e-16
9.632214590829063863e-17
7.581878036813655031e-17
5.930092642290130364e-17
4.660340553313249932e-17
3.638723621790904251e-17
2.855025678407867139e-17
2.225289251951203794e-17
1.743216978156344889e-17
1.356348344805706067e-17
1.060814665565780216e-17
8.239502021434435996e-18
6.433863099044721887e-18
4.988537432528009814e-18
3.889071765219128188e-18
3.010132867277761833e-18
2.342931349724495198e-18
1.810238853516843787e-18
1.406728453692729861e-18
1.084979478415404769e-18
8.417744379320944006e-19
6.480973476538062055e-19
5.020114366777569584e-19
3.858244158015849703e-19
2.983744148165284600e-19
2.289114884823408457e-19
1.767410075356801568e-19
1.353541502882702399e-19
1.043370481676368867e-19
7.976261174551465264e-20
6.138509665768226562e-20
4.684342727971728160e-20
3.599218691783997913e-20
2.741682627976302430e-20
2.103159175910562266e-20
1.599199484374541586e-20
1.224763956452878296e-20
9.296142538125769887e-21
7.107988794272331566e-21
5.385367129647635700e-21
4.111051327605424500e-21
3.109123735118234122e-21
2.369565076261184418e-21
1.788828042125758475e-21
1.361105262370597209e-21
1.025663338089080095e-21
7.791478500383885311e-22
5.860632325577884900e-22
4.444786394724721666e-22
3.337223455510363057e-22
2.526867878542659770e-22
1.893760394708465651e-22
1.431569929169436036e-22
1.070930950904024970e-22
8.082370701295778416e-23
6.035209894294412756e-23
4.547355479966133865e-23
3.389343040183886662e-23
2.549592450549846142e-23
1.896831211508851383e-23
1.424531710670490504e-23
1.057863504719291447e-23
7.931599115957402557e-24
5.879171704205324276e-24
4.400828537819151870e-24
3.256011957206983512e-24
2.433273796562691831e-24
1.796953962588762178e-24
1.340689256945451577e-24
9.882499430603749782e-25
7.361116277946796612e-25
5.415933295700946159e-25
4.027498654043731957e-25
2.957700876236362553e-25
2.195841984500761183e-25
1.609560845572092955e-25
1.192994648061070749e-25
8.728317234480716248e-26
6.458704424869666455e-26
4.716516826278604317e-26
3.484332562721619367e-26
2.539672756012212990e-26
1.873090808083288961e-26
1.362691039141117826e-26
1.003369451496276844e-26
7.285813768688651272e-27
5.355789345126088115e-27
3.881660185570530157e-27
2.848684998426423518e-27
2.060693928753085075e-27
1.509807065853780149e-27
1.090093495939515696e-27
7.973560833111477628e-28
5.746005346553456307e-28
4.195992944855508009e-28
3.017991838535220221e-28
2.200222016529385992e-28
1.579492567069096410e-28
1.149596195659744368e-28
8.236872231192853566e-29
5.985065597223120682e-29
4.280061515403211093e-29
3.104809944914913578e-29
2.216043836000012223e-29
1.604875527569350214e-29
1.143260100272741051e-29
8.265813998372150062e-30
5.876893407399509762e-30
4.241950023899744002e-30
3.010123705680779918e-30
2.169096189560417669e-30
1.536216152312017211e-30
1.105154793563089926e-30
7.811769957549554797e-31
5.610429809095305504e-31
3.957977987012968371e-31
2.837889973081704435e-31
1.998120985557592951e-31
1.430273334565384014e-31
1.005060777431297626e-31
7.182311885839877193e-32
5.037124178734943771e-32
3.593592775927096456e-32
2.515303655099689416e-32
1.791473925044434863e-32
1.251449279606226935e-32
8.898294723306765827e-33
6.203671253133684365e-33
4.403676150841251990e-33
3.064041246192009096e-33
2.171370190139443729e-33
1.507816027268449633e-33
1.066743215950309474e-33
7.392777201574128104e-34
5.221448849318277287e-34
3.611353347991139310e-34
2.546389742579428139e-34
1.757652557748320206e-34
1.237254421649497544e-34
8.523036090836213804e-35
5.989506119250303786e-35
4.117668998109125792e-35
2.888806356201253512e-35
1.981991983433760809e-35
1.388157736078966365e-35
9.504805787809957904e-36
6.645837399668674993e-36
4.541224999371692943e-36
3.169922462916033273e-36
2.161666670348166376e-36
1.506375063742408078e-36
1.025151072456864977e-36
7.131824565786778191e-37
4.843596356944612968e-37
3.363943815953714168e-37
2.279955798215999295e-37
1.580792423554083879e-37
1.069204528071227634e-37
7.400762328125984077e-38
4.995379487077210912e-38
3.451842929155450897e-38
2.325128512638828774e-38
1.603969093362168371e-38
1.078185900143730821e-38
7.425211010513272042e-39
4.980878679977981956e-39
3.424418686526068463e-39
2.292352044974999017e-39
1.573358088909256311e-39
1.051034795066654929e-39
7.201589305087663784e-40
4.800767579337934870e-40
3.283874556159854051e-40
2.184537186714014329e-40
1.491762097305952116e-40
9.902862058118528572e-41
6.750947533167724014e-41
4.472103873786930149e-41
3.043542643382314116e-41
2.011917762754299107e-41
1.366912983096589599e-41
9.016813098035706733e-42
6.115704261423048420e-42
4.025665692062470374e-42
2.725797004260337790e-42
1.790446805873634078e-42
1.210261594918481455e-42
7.932708264430986526e-43
5.353045927627266680e-43
3.501185639635809386e-43
2.358608797576672755e-43
1.539357975070683219e-43
1.035240663892769232e-43
6.742053063714808546e-44
4.526415489316012488e-44
2.941507532692973789e-44
1.971480114279447492e-44
1.278410153531174349e-44
8.553669508406684270e-45
5.534648943198966136e-45
3.696849634036506696e-45
2.386858790407495190e-45
1.591576503875638943e-45
1.025362177976975519e-45
6.825536694525162335e-46
4.387720007699184939e-46
2.915793552423549255e-46
1.870288794117036297e-46
1.240750685196574550e-46
7.941155154556995969e-47
5.259169331970002338e-47
3.358621076351973310e-47
2.220504905146717505e-47
1.414938980666372624e-47
9.338676436661305887e-48
5.937598501903117784e-48
3.912145223041568469e-48
2.481860567247907895e-48
1.632441687964198610e-48
1.033318890948964858e-48
6.785009482320544985e-49
4.285275853813739851e-49
2.808990687684162985e-49
1.770139893653529697e-49
1.158334963781532921e-49
7.283124537103868048e-50
4.757721383393795667e-50
2.984737573030764710e-50
1.946443267911147615e-50
1.218343499519316530e-50
7.931572701713535683e-51
4.953423058803188892e-51
3.219204570033023489e-51
2.005903511058912552e-51
1.301386871291113573e-51
8.090594869345182538e-52
5.239980841455595242e-52
3.250225576878730280e-52
2.101431522968815478e-52
1.300486950074240661e-52
8.393824124660621164e-53
5.182684040825124476e-53
3.339337848397568395e-53
2.057105097566335742e-53
1.323163460823122126e-53
8.132198910305539941e-54
5.221749524907099493e-54
3.201887008545992148e-54
2.052412736058624026e-54
1.255588180796483368e-54
8.034450972069564379e-55
4.903750133392617110e-55
3.132472283547253585e-55
1.907418595421007947e-55
1.216338532132630053e-55
7.389191181917219619e-56
4.703861594588801063e-56
2.850871422858754887e-56
1.811690765009798889e-56
1.095430419326951395e-56
6.949277823533919085e-57
4.191939267419680962e-57
2.654715139365690644e-57
1.597587830985112454e-57
1.009986069194153904e-57
6.063601016851403466e-58
3.826736687829856721e-58
2.291970976332965643e-58
1.443956225245773579e-58
8.627733511345107391e-59
5.426105252580695179e-59
3.234371548970288343e-59
2.030615063477799520e-59
1.207494363796879198e-59
7.567782429307224486e-60
4.489301282560745333e-60
2.808715386261910850e-60
1.662138548292773019e-60
1.038105000273647010e-60
6.128396969259963064e-61
3.820899852163412165e-61
2.250163618789325158e-61
1.400480906803758583e-61
8.227448442044015958e-62
5.111780703646105319e-62
2.995686729363287700e-62
1.858005579433012343e-62
1.086185611318565452e-62
6.725086252796484150e-63
3.921790239819766841e-63
2.423935112360725243e-63
1.410046892991778607e-63
8.699866942765516144e-64
5.048330552122690460e-64
3.109344239044071714e-64
1.799794445044306255e-64
1.106585215708724291e-64
6.389289150371882105e-65
3.921476419266475939e-65
2.258456565982276993e-65
1.383560338782223842e-65
7.945488734839430720e-66
4.854185730028095051e-66
2.772686772157644227e-66
1.676893596354652716e-66
9.321991701334694659e-67
5.216986066253134413e-67
2.210101565532986682e-67
0.000000000000000000e+00
0.000000000000000000e+00
